9574 10000
5707 7198
7198 5328
5328 5397
5397 6337
6337 2969
2969 9481
9481 4670
4670 7873
7873 4049
4049 8881
8881 8159
8159 7480
7480 3435
3435 6571
6571 8778
8778 8539
8539 6451
6451 8860
8860 3528
3528 3929
3929 6408
6408 5462
5462 5757
5757 6951
6951 5877
5877 7966
7966 1818
1818 3277
3277 2632
2632 6941
6941 1915
1915 4034
4034 572
572 5227
5227 710
710 2131
2131 7768
7768 6582
6582 6335
6335 8378
8378 1989
1989 4489
4489 441
441 9061
9061 2459
2459 2037
2037 1930
1930 1490
1490 2781
2781 5924
5924 2228
2228 7658
7658 3558
3558 4340
4340 3004
3004 1139
1139 2757
2757 1882
1882 5824
5824 5849
5849 3962
3962 1785
1785 5062
5062 8268
8268 9041
9041 3009
3009 919
919 8636
8636 2504
2504 1531
1531 4338
4338 4998
4998 8552
8552 1089
1089 9104
9104 1316
1316 5067
5067 1824
1824 7029
7029 5800
5800 7808
7808 3924
3924 4127
4127 7889
7889 9202
9202 611
611 3746
3746 141
141 1698
1698 9135
9135 4952
4952 1835
1835 5635
5635 4162
4162 6759
6759 6661
6661 8872
8872 6023
6023 2318
2318 2784
2784 4002
4002 5967
5967 2582
2582 9534
9534 8022
8022 2983
2983 8057
8057 7445
7445 4134
4134 8801
8801 2048
2048 6792
6792 7611
7611 7357
7357 4420
4420 799
799 138
138 8074
8074 1544
1544 2191
2191 3082
3082 8448
8448 4355
4355 3649
3649 7894
7894 8064
8064 6135
6135 4653
4653 240
240 7069
7069 7042
7042 6314
6314 6347
6347 7864
7864 1447
1447 8551
8551 864
864 8150
8150 1979
1979 27
27 6215
6215 9388
9388 2042
2042 6274
6274 149
149 2456
2456 3098
3098 2226
2226 8188
8188 9078
9078 8467
8467 8912
8912 8502
8502 4360
4360 507
507 8806
8806 8888
8888 6275
6275 4087
4087 647
647 9390
9390 6503
6503 7709
7709 7063
7063 1096
1096 4212
4212 2147
2147 2148
2148 8708
8708 499
499 9451
9451 5233
5233 6577
6577 5965
5965 6865
6865 5793
5793 2441
2441 5016
5016 875
875 7452
7452 531
531 825
825 2633
2633 1163
1163 1235
1235 6806
6806 8037
8037 1053
1053 398
398 3665
3665 1880
1880 3748
3748 5403
5403 1185
1185 8817
8817 6155
6155 4714
4714 3054
3054 1794
1794 2051
2051 5907
5907 1614
1614 5083
5083 5527
5527 7100
7100 9356
9356 3028
3028 3894
3894 8767
8767 6798
6798 6193
6193 2912
2912 3281
3281 3861
3861 5103
5103 3705
3705 8946
8946 8205
8205 3365
3365 5557
5557 9443
9443 636
636 2122
2122 7392
7392 7429
7429 3669
3669 8583
8583 7939
7939 4983
4983 4928
4928 2479
2479 8523
8523 8033
8033 5454
5454 655
655 7588
7588 9319
9319 9294
9294 7073
7073 2556
2556 3000
3000 4063
4063 2311
2311 7432
7432 8889
8889 3136
3136 8087
8087 5867
5867 4601
4601 8535
8535 5360
5360 1097
1097 7458
7458 1937
1937 6533
6533 602
602 1643
1643 6761
6761 8601
8601 9210
9210 3446
3446 9193
9193 7548
7548 718
718 2121
2121 6554
6554 815
815 7250
7250 75
75 7638
7638 8237
8237 3577
3577 5241
5241 2074
2074 8671
8671 4099
4099 614
614 8427
8427 7707
7707 5560
5560 9385
9385 653
653 8107
8107 6058
6058 6825
6825 2858
2858 6615
6615 3919
3919 1554
1554 7370
7370 2134
2134 4955
4955 7565
7565 3379
3379 2396
2396 3882
3882 6001
6001 7137
7137 2412
2412 3164
3164 6927
6927 8249
8249 7120
7120 5578
5578 5554
5554 7892
7892 1948
1948 6905
6905 279
279 8608
8608 8167
8167 9315
9315 8570
8570 2683
2683 9
9 675
675 987
987 4756
4756 1910
1910 6812
6812 5075
5075 9507
9507 6417
6417 5705
5705 6853
6853 778
778 7626
7626 9065
9065 4300
4300 4914
4914 2603
2603 3150
3150 6412
6412 5655
5655 4686
4686 2230
2230 7016
7016 2713
2713 4408
4408 873
873 3641
3641 4992
4992 2861
2861 1638
1638 1760
1760 5977
5977 3053
3053 8453
8453 8796
8796 262
262 5136
5136 68
68 1736
1736 9369
9369 3299
3299 4470
4470 4017
4017 6827
6827 3658
3658 3288
3288 898
898 8398
8398 9351
9351 5884
5884 9367
9367 7106
7106 7108
7108 5372
5372 1170
1170 1763
1763 1921
1921 1006
1006 4933
4933 3116
3116 7623
7623 1290
1290 4425
4425 2199
2199 2563
2563 5359
5359 9196
9196 8344
8344 5507
5507 9260
9260 2772
2772 1778
1778 6868
6868 137
137 7352
7352 1609
1609 7371
7371 2685
2685 4443
4443 2066
2066 524
524 7294
7294 1473
1473 3139
3139 2097
2097 6388
6388 6113
6113 1863
1863 7146
7146 4671
4671 3680
3680 6071
6071 1897
1897 9290
9290 2157
2157 8772
8772 8260
8260 1026
1026 4676
4676 1812
1812 6101
6101 7609
7609 5229
5229 1603
1603 4936
4936 7648
7648 3890
3890 9304
9304 3029
3029 7649
7649 1249
1249 2569
2569 8869
8869 3550
3550 4056
4056 8055
8055 6545
6545 8009
8009 3422
3422 4422
4422 9269
9269 2626
2626 5071
5071 3393
3393 1745
1745 9218
9218 4689
4689 3128
3128 8118
8118 8976
8976 880
880 1018
1018 4823
4823 6410
6410 4568
4568 6885
6885 6505
6505 3597
3597 1002
1002 7558
7558 2126
2126 1719
1719 7119
7119 9030
9030 934
934 895
895 3813
3813 6106
6106 2881
2881 3579
3579 4667
4667 5027
5027 8603
8603 9053
9053 363
363 3600
3600 8694
8694 5124
5124 1790
1790 7208
7208 5092
5092 1451
1451 9274
9274 9114
9114 5628
5628 6455
6455 5805
5805 10
10 7897
7897 6416
6416 5519
5519 6392
6392 8525
8525 3015
3015 971
971 4043
4043 5053
5053 6842
6842 3671
3671 1370
1370 6807
6807 2060
2060 7025
7025 4216
4216 7112
7112 6132
6132 6824
6824 1386
1386 563
563 188
188 6125
6125 6374
6374 6305
6305 1666
1666 6281
6281 1071
1071 7031
7031 6831
6831 7818
7818 656
656 5852
5852 5060
5060 6989
6989 7985
7985 4158
4158 5989
5989 7687
7687 4681
4681 9079
9079 6667
6667 5572
5572 2862
2862 8506
8506 2016
2016 9194
9194 5516
5516 6292
6292 1558
1558 3518
3518 9557
9557 8316
8316 1903
1903 4754
4754 1612
1612 9162
9162 2202
2202 5588
5588 9090
9090 890
890 8914
8914 7389
7389 4045
4045 3260
3260 2027
2027 717
717 2279
2279 5931
5931 5318
5318 2171
2171 9211
9211 5098
5098 9560
9560 5517
5517 2223
2223 952
952 3904
3904 3301
3301 8681
8681 4294
4294 1551
1551 8154
8154 1226
1226 8922
8922 6859
6859 6111
6111 191
191 7183
7183 8645
8645 7375
7375 3928
3928 4446
4446 6805
6805 2427
2427 15
15 3044
3044 7150
7150 3909
3909 4100
4100 5428
5428 6950
6950 5168
5168 8350
8350 2257
2257 9299
9299 9178
9178 3571
3571 7040
7040 3481
3481 2008
2008 7209
7209 2902
2902 5787
5787 6638
6638 8215
8215 6403
6403 8816
8816 6142
6142 6822
6822 1194
1194 8193
8193 4477
4477 5710
5710 3685
3685 4576
4576 9531
9531 5501
5501 5899
5899 9000
9000 5981
5981 2665
2665 5044
5044 8304
8304 8114
8114 7415
7415 4835
4835 8090
8090 2433
2433 7665
7665 7789
7789 6442
6442 5739
5739 3453
3453 6876
6876 4500
4500 9552
9552 1077
1077 5266
5266 9540
9540 534
534 2956
2956 4957
4957 5387
5387 5166
5166 2815
2815 4074
4074 583
583 9141
9141 2671
2671 2113
2113 6300
6300 1355
1355 5626
5626 8516
8516 5425
5425 4091
4091 1846
1846 9405
9405 6619
6619 4113
4113 2736
2736 8030
8030 4815
4815 2709
2709 1646
1646 3266
3266 2159
2159 5927
5927 8970
8970 1172
1172 5876
5876 1422
1422 7074
7074 5193
5193 5825
5825 1669
1669 2250
2250 8493
8493 1656
1656 2506
2506 2887
2887 4817
4817 1788
1788 7802
7802 9572
9572 9537
9537 8034
8034 5102
5102 1220
1220 3239
3239 2195
2195 3711
3711 8439
8439 4295
4295 8561
8561 6909
6909 8588
8588 7634
7634 9093
9093 5099
5099 7849
7849 5380
5380 8677
8677 6635
6635 7355
7355 7423
7423 5562
5562 9286
9286 7430
7430 1590
1590 6473
6473 9409
9409 3079
3079 2204
2204 3893
3893 7079
7079 7760
7760 5788
5788 329
329 5838
5838 5480
5480 1477
1477 5687
5687 7621
7621 1644
1644 1374
1374 2012
2012 1073
1073 7358
7358 6576
6576 7664
7664 9314
9314 3994
3994 705
705 6228
6228 4065
4065 7817
7817 5804
5804 2672
2672 3611
3611 579
579 8870
8870 2735
2735 7050
7050 3231
3231 1900
1900 1095
1095 5038
5038 4863
4863 2070
2070 957
957 2953
2953 2156
2156 6085
6085 6136
6136 6491
6491 86
86 8777
8777 8125
8125 3465
3465 3201
3201 595
595 3412
3412 4702
4702 6766
6766 3146
3146 7952
7952 6820
6820 3438
3438 5970
5970 5491
5491 4267
4267 216
216 6996
6996 5886
5886 1495
1495 1616
1616 1287
1287 2929
2929 5242
5242 962
962 7973
7973 2664
2664 933
933 1137
1137 3977
3977 6175
6175 2733
2733 7034
7034 4691
4691 1988
1988 4388
4388 2619
2619 7871
7871 164
164 9103
9103 9175
9175 5953
5953 1985
1985 727
727 4640
4640 782
782 7998
7998 4503
4503 7498
7498 5441
5441 5627
5627 1240
1240 4985
4985 965
965 6268
6268 5786
5786 173
173 8839
8839 3768
3768 456
456 9380
9380 7172
7172 4322
4322 2513
2513 8341
8341 978
978 1855
1855 1737
1737 6914
6914 8468
8468 5049
5049 4677
4677 3598
3598 1436
1436 1522
1522 3590
3590 7312
7312 3132
3132 3972
3972 5861
5861 8436
8436 3166
3166 8106
8106 2992
2992 4845
4845 7090
7090 5105
5105 8979
8979 7411
7411 5903
5903 4915
4915 8006
8006 7140
7140 9423
9423 4622
4622 3105
3105 6556
6556 8656
8656 9324
9324 7547
7547 4312
4312 4344
4344 1568
1568 1144
1144 1184
1184 6046
6046 3499
3499 8544
8544 4044
4044 9063
9063 6604
6604 3884
3884 8261
8261 9328
9328 4988
4988 3853
3853 3609
3609 5839
5839 7180
7180 4225
4225 7333
7333 623
623 3543
3543 3179
3179 1876
1876 2808
2808 5779
5779 3621
3621 1063
1063 9312
9312 9349
9349 8424
8424 3755
3755 4832
4832 2415
2415 2825
2825 784
784 5761
5761 3388
3388 3506
3506 7726
7726 4732
4732 5385
5385 5178
5178 3737
3737 9363
9363 3213
3213 5735
5735 8447
8447 1027
1027 5833
5833 6644
6644 8480
8480 7487
7487 970
970 4743
4743 9559
9559 7578
7578 9229
9229 3043
3043 9568
9568 8859
8859 6015
6015 4401
4401 8827
8827 868
868 9391
9391 4287
4287 4114
4114 4904
4904 4525
4525 4331
4331 3625
3625 9134
9134 548
548 3012
3012 8652
8652 4685
4685 1230
1230 8602
8602 3256
3256 5466
5466 2840
2840 8325
8325 6029
6029 9526
9526 7010
7010 2809
2809 5126
5126 3245
3245 7791
7791 7313
7313 7103
7103 669
669 6365
6365 345
345 1372
1372 6485
6485 2893
2893 2330
2330 8223
8223 182
182 6233
6233 4259
4259 1381
1381 1138
1138 665
665 7039
7039 8754
8754 5107
5107 5005
5005 8695
8695 783
783 5100
5100 6433
6433 3355
3355 9450
9450 3160
3160 7717
7717 598
598 9235
9235 9011
9011 5419
5419 4221
4221 3162
3162 1567
1567 2660
2660 5408
5408 4251
4251 8911
8911 8628
8628 7587
7587 2264
2264 6086
6086 3062
3062 273
273 7603
7603 5108
5108 7353
7353 6016
6016 517
517 1796
1796 6535
6535 1976
1976 3493
3493 844
844 6151
6151 4550
4550 9472
9472 4748
4748 2232
2232 6075
6075 1986
1986 5192
5192 254
254 4439
4439 9182
9182 1722
1722 5552
5552 3306
3306 9548
9548 6172
6172 7632
7632 4526
4526 986
986 9563
9563 4376
4376 8749
8749 1440
1440 3188
3188 259
259 2019
2019 7251
7251 1049
1049 4357
4357 5321
5321 4612
4612 4205
4205 8803
8803 6376
6376 2821
2821 2411
2411 8698
8698 4842
4842 6475
6475 3359
3359 1190
1190 6774
6774 7007
7007 9076
9076 2434
2434 3771
3771 506
506 6511
6511 6681
6681 8547
8547 6660
6660 8281
8281 8269
8269 2118
2118 2455
2455 6659
6659 4343
4343 4882
4882 2417
2417 5479
5479 7097
7097 847
847 6916
6916 4579
4579 4694
4694 1534
1534 302
302 1784
1784 6627
6627 2082
2082 2653
2653 3986
3986 2085
2085 3419
3419 5001
5001 8429
8429 7406
7406 1978
1978 2017
2017 3002
3002 3003
3003 3695
3695 9082
9082 8431
8431 613
613 3148
3148 8282
8282 8318
8318 3937
3937 7823
7823 8543
8543 3900
3900 4997
4997 2293
2293 4397
4397 3202
3202 4539
4539 1622
1622 6542
6542 8751
8751 4457
4457 463
463 1304
1304 5982
5982 850
850 8231
8231 3939
3939 5151
5151 8711
8711 4535
4535 6498
6498 7780
7780 3022
3022 8382
8382 2167
2167 6121
6121 7018
7018 3413
3413 5057
5057 4042
4042 8162
8162 3444
3444 2219
2219 4757
4757 1343
1343 4311
4311 8320
8320 9234
9234 8124
8124 9556
9556 7813
7813 7343
7343 7967
7967 6973
6973 9323
9323 7410
7410 8379
8379 4062
4062 7656
7656 5150
5150 5404
5404 5294
5294 1164
1164 8293
8293 8868
8868 8102
8102 6084
6084 2990
2990 974
974 2577
2577 5694
5694 1637
1637 4229
4229 8134
8134 245
245 9302
9302 9074
9074 7890
7890 5807
5807 3204
3204 4092
4092 1247
1247 9402
9402 4675
4675 9518
9518 9169
9169 3536
3536 1968
1968 4307
4307 5396
5396 4015
4015 6802
6802 7473
7473 7843
7843 1513
1513 2323
2323 1578
1578 2799
2799 4524
4524 1512
1512 5061
5061 8791
8791 2002
2002 779
779 4897
4897 6333
6333 8160
8160 5133
5133 9329
9329 2492
2492 3832
3832 5221
5221 5544
5544 3101
3101 3723
3723 8574
8574 1488
1488 1339
1339 375
375 7551
7551 5189
5189 5300
5300 7582
7582 1617
1617 8743
8743 9091
9091 6844
6844 7855
7855 4669
4669 8997
8997 3077
3077 3714
3714 5937
5937 606
606 2349
2349 5683
5683 7863
7863 5243
5243 5653
5653 8935
8935 1146
1146 7221
7221 4934
4934 1353
1353 3370
3370 128
128 153
153 6301
6301 6344
6344 1352
1352 4910
4910 982
982 3451
3451 516
516 4511
4511 6482
6482 2673
2673 1225
1225 4461
4461 4347
4347 2231
2231 1229
1229 5091
5091 3880
3880 1431
1431 8128
8128 741
741 9126
9126 7276
7276 7252
7252 3226
3226 5354
5354 1854
1854 5714
5714 356
356 9447
9447 1124
1124 2714
2714 3242
3242 1884
1884 8329
8329 5851
5851 2674
2674 1292
1292 7999
7999 1379
1379 2197
2197 428
428 3238
3238 5386
5386 3914
3914 45
45 2309
2309 4851
4851 8944
8944 2377
2377 605
605 972
972 7381
7381 3840
3840 5468
5468 746
746 8771
8771 835
835 1020
1020 8526
8526 7667
7667 7
7 8809
8809 7625
7625 4784
4784 2517
2517 350
350 3472
3472 8433
8433 5615
5615 4706
4706 4864
4864 2770
2770 1334
1334 1942
1942 5216
5216 7533
7533 6920
6920 4742
4742 488
488 3698
3698 4120
4120 4970
4970 5654
5654 1667
1667 3688
3688 7347
7347 2182
2182 634
634 2691
2691 6468
6468 4392
4392 3576
3576 6513
6513 2095
2095 2782
2782 9303
9303 7181
7181 6389
6389 7386
7386 5957
5957 1361
1361 3542
3542 4651
4651 4759
4759 5304
5304 3248
3248 8857
8857 2675
2675 8224
8224 1892
1892 7929
7929 3975
3975 2573
2573 3815
3815 9499
9499 5528
5528 7113
7113 4365
4365 8214
8214 6064
6064 7435
7435 114
114 8380
8380 9392
9392 7697
7697 8397
8397 3568
3568 5199
5199 5041
5041 7905
7905 9475
9475 6421
6421 5909
5909 1549
1549 6280
6280 6053
6053 4330
4330 6360
6360 4626
4626 767
767 9244
9244 8821
8821 8620
8620 726
726 8654
8654 6906
6906 4590
4590 6894
6894 9459
9459 4638
4638 3246
3246 3547
3547 3693
3693 7485
7485 7037
7037 5463
5463 6648
6648 7502
7502 8472
8472 5773
5773 7552
7552 7669
7669 4462
4462 4262
4262 2474
2474 1692
1692 3513
3513 3380
3380 2440
2440 6
6 6356
6356 2119
2119 9521
9521 2496
2496 7212
7212 4752
4752 5840
5840 597
597 4803
4803 5478
5478 7534
7534 8925
8925 4168
4168 6845
6845 324
324 5703
5703 1627
1627 1524
1524 7784
7784 7694
7694 8510
8510 6875
6875 4786
4786 8309
8309 3095
3095 267
267 2797
2797 4473
4473 7006
7006 3773
3773 4635
4635 1482
1482 3896
3896 7852
7852 3061
3061 9387
9387 6543
6543 7927
7927 7271
7271 3952
3952 5427
5427 3708
3708 4190
4190 9071
9071 4269
4269 7842
7842 3100
3100 189
189 9514
9514 6212
6212 8097
8097 1157
1157 5237
5237 209
209 4423
4423 150
150 274
274 2699
2699 4317
4317 4719
4719 3781
3781 1210
1210 8982
8982 4665
4665 7705
7705 1481
1481 8445
8445 5402
5402 8658
8658 5122
5122 7727
7727 26
26 4279
4279 7895
7895 6006
6006 2150
2150 7636
7636 8723
8723 5862
5862 6273
6273 3497
3497 4896
4896 1423
1423 9051
9051 383
383 3381
3381 9431
9431 2641
2641 6302
6302 6526
6526 9102
9102 8831
8831 6734
6734 4073
4073 6284
6284 7469
7469 1254
1254 1913
1913 7275
7275 7673
7673 697
697 5276
5276 8555
8555 83
83 5442
5442 460
460 6430
6430 5365
5365 5344
5344 6223
6223 6206
6206 1038
1038 8651
8651 525
525 341
341 9435
9435 2792
2792 8081
8081 4881
4881 5050
5050 4991
4991 2694
2694 2043
2043 867
867 4179
4179 172
172 5695
5695 845
845 8590
8590 8766
8766 260
260 8385
8385 3968
3968 7383
7383 5997
5997 4628
4628 7231
7231 7872
7872 7896
7896 966
966 781
781 8229
8229 3805
3805 3390
3390 5545
5545 6601
6601 6850
6850 5077
5077 7030
7030 3531
3531 3630
3630 9008
9008 4814
4814 7660
7660 7795
7795 3870
3870 7899
7899 6008
6008 2960
2960 7841
7841 9366
9366 3802
3802 1748
1748 7743
7743 8104
8104 197
197 4716
4716 6531
6531 3263
3263 8213
8213 7186
7186 1836
1836 635
635 4009
4009 5074
5074 4522
4522 5430
5430 171
171 5277
5277 8473
8473 429
429 702
702 628
628 7866
7866 6020
6020 3885
3885 2489
2489 4793
4793 594
594 6327
6327 7976
7976 4821
4821 8015
8015 946
946 8847
8847 35
35 8239
8239 810
810 2848
2848 1992
1992 3308
3308 5759
5759 8704
8704 5502
5502 420
420 4155
4155 6755
6755 3405
3405 2375
2375 3426
3426 8494
8494 8241
8241 2720
2720 7809
7809 3533
3533 6602
6602 2939
2939 366
366 4707
4707 2092
2092 7203
7203 8491
8491 4197
4197 821
821 2473
2473 7321
7321 1293
1293 1945
1945 5273
5273 8642
8642 8056
8056 2351
2351 7269
7269 1388
1388 8366
8366 5072
5072 9197
9197 2371
2371 1362
1362 6952
6952 3324
3324 9142
9142 8435
8435 4509
4509 5848
5848 2040
2040 6253
6253 4693
4693 800
800 6645
6645 904
904 4465
4465 7329
7329 2486
2486 7848
7848 4178
4178 2874
2874 1673
1673 2949
2949 1330
1330 5319
5319 1663
1663 388
388 2274
2274 5743
5743 7379
7379 6668
6668 2846
2846 5320
5320 4700
4700 9336
9336 5008
5008 643
643 5391
5391 3057
3057 7949
7949 8664
8664 6646
6646 8065
8065 1996
1996 4989
4989 2220
2220 1452
1452 297
297 3353
3353 1093
1093 5362
5362 7668
7668 1246
1246 4833
4833 2557
2557 9486
9486 1684
1684 4899
4899 4858
4858 1395
1395 2299
2299 8690
8690 5436
5436 1898
1898 5639
5639 2218
2218 6054
6054 6265
6265 5188
5188 4951
4951 3997
3997 2217
2217 9208
9208 9268
9268 40
40 484
484 3938
3938 3104
3104 7915
7915 4209
4209 8988
8988 3514
3514 4964
4964 846
846 6860
6860 5708
5708 5186
5186 8077
8077 7220
7220 6476
6476 6211
6211 6285
6285 5210
5210 7273
7273 305
305 8278
8278 7444
7444 6945
6945 9493
9493 76
76 4935
4935 1256
1256 4487
4487 2325
2325 3326
3326 6080
6080 8317
8317 2327
2327 6617
6617 4363
4363 2184
2184 9099
9099 2600
2600 3878
3878 7593
7593 8907
8907 8409
8409 7041
7041 4405
4405 4110
4110 9446
9446 7061
7061 4263
4263 6362
6362 5630
5630 4339
4339 4314
4314 862
862 1958
1958 4244
4244 8587
8587 9171
9171 6658
6658 2812
2812 9059
9059 5668
5668 6259
6259 3549
3549 7545
7545 2480
2480 1264
1264 5784
5784 1341
1341 8499
8499 9317
9317 860
860 5775
5775 1917
1917 92
92 8618
8618 7058
7058 4012
4012 352
352 6953
6953 7748
7748 2741
2741 7770
7770 4938
4938 8274
8274 8254
8254 7059
7059 473
473 8894
8894 8965
8965 6983
6983 5952
5952 3707
3707 9148
9148 9295
9295 8248
8248 1934
1934 2877
2877 7394
7394 8175
8175 3951
3951 4600
4600 3476
3476 2715
2715 234
234 2553
2553 7049
7049 5522
5522 416
416 5887
5887 2890
2890 6027
6027 5451
5451 6097
6097 9152
9152 2530
2530 8045
8045 1329
1329 1223
1223 9157
9157 6428
6428 4495
4495 5794
5794 6636
6636 3640
3640 5503
5503 1604
1604 1715
1715 8476
8476 2886
2886 8141
8141 2687
2687 457
457 6837
6837 2796
2796 787
787 2196
2196 7583
7583 2750
2750 5289
5289 5347
5347 9393
9393 4795
4795 677
677 6237
6237 6073
6073 9311
9311 6192
6192 8898
8898 2895
2895 5871
5871 742
742 1148
1148 1672
1672 436
436 2404
2404 1525
1525 5979
5979 4396
4396 387
387 3145
3145 8579
8579 2023
2023 5912
5912 1772
1772 9251
9251 1837
1837 490
490 1245
1245 5750
5750 9136
9136 8621
8621 1893
1893 4082
4082 5524
5524 1500
1500 2482
2482 3464
3464 9399
9399 5874
5874 5974
5974 3030
3030 8802
8802 3727
3727 872
872 2930
2930 4253
4253 6238
6238 3961
3961 924
924 2245
2245 5068
5068 8653
8653 1403
1403 5546
5546 7771
7771 4555
4555 2711
2711 632
632 5412
5412 6942
6942 5493
5493 6169
6169 9500
9500 1455
1455 9203
9203 4972
4972 2723
2723 7670
7670 7115
7115 3317
3317 1456
1456 2079
2079 5209
5209 4618
4618 20
20 7996
7996 4604
4604 7125
7125 9308
9308 1389
1389 8781
8781 348
348 221
221 4384
4384 3321
3321 7931
7931 1825
1825 6304
6304 5411
5411 2585
2585 48
48 2033
2033 4488
4488 6758
6758 6596
6596 9358
9358 3541
3541 3122
3122 8505
8505 4272
4272 4183
4183 561
561 4404
4404 5550
5550 7078
7078 526
526 2263
2263 5814
5814 4430
4430 4621
4621 5245
5245 6756
6756 2898
2898 5160
5160 6775
6775 4342
4342 759
759 8021
8021 6506
6506 9375
9375 2320
2320 2737
2737 6303
6303 1564
1564 6957
6957 8332
8332 8811
8811 6987
6987 6261
6261 2139
2139 8659
8659 7280
7280 3888
3888 8460
8460 4662
4662 9502
9502 6962
6962 3351
3351 5758
5758 162
162 453
453 6735
6735 4126
4126 6267
6267 3496
3496 1367
1367 448
448 7579
7579 1319
1319 963
963 2142
2142 4368
4368 4053
4053 770
770 353
353 7600
7600 6944
6944 803
803 988
988 5508
5508 4644
4644 5115
5115 5993
5993 4533
4533 268
268 5558
5558 2390
2390 5573
5573 88
88 2850
2850 7527
7527 6133
6133 6912
6912 2650
2650 304
304 9544
9544 838
838 9092
9092 7192
7192 8746
8746 1382
1382 6048
6048 9275
9275 3643
3643 1120
1120 296
296 2927
2927 568
568 6385
6385 421
421 4968
4968 5571
5571 7425
7425 8730
8730 2739
2739 2222
2222 6338
6338 7992
7992 3851
3851 1035
1035 5332
5332 7285
7285 8246
8246 4434
4434 2712
2712 4678
4678 6445
6445 8722
8722 8779
8779 2188
2188 4121
4121 4414
4414 6467
6467 2143
2143 3947
3947 8418
8418 5121
5121 6913
6913 8599
8599 3334
3334 4238
4238 7525
7525 3992
3992 1099
1099 2980
2980 695
695 3886
3886 9503
9503 3220
3220 6078
6078 6118
6118 4479
4479 458
458 7934
7934 8763
8763 4258
4258 6777
6777 402
402 8487
8487 9160
9160 4304
4304 4596
4596 5811
5811 5855
5855 5137
5137 8575
8575 7176
7176 3416
3416 3154
3154 3143
3143 2867
2867 5417
5417 5348
5348 8529
8529 5234
5234 3751
3751 1577
1577 6518
6518 5700
5700 8073
8073 462
462 3540
3540 175
175 1118
1118 9072
9072 8419
8419 2986
2986 1690
1690 3221
3221 8434
8434 7508
7508 3673
3673 1574
1574 5762
5762 2954
2954 3546
3546 5868
5868 3978
3978 888
888 1580
1580 8
8 196
196 1244
1244 4240
4240 6044
6044 5149
5149 5510
5510 8760
8760 2038
2038 6968
6968 3368
3368 3810
3810 3217
3217 9549
9549 6730
6730 55
55 2645
2645 2034
2034 4302
4302 9310
9310 8336
8336 1486
1486 8052
8052 7295
7295 4906
4906 2572
2572 4875
4875 5483
5483 592
592 1489
1489 8782
8782 8795
8795 997
997 2397
2397 8180
8180 4729
4729 2813
2813 4620
4620 231
231 1999
1999 3134
3134 8496
8496 7922
7922 8689
8689 5661
5661 854
854 7546
7546 2039
2039 8240
8240 1702
1702 408
408 361
361 6771
6771 5856
5856 3963
3963 1393
1393 9523
9523 3660
3660 2728
2728 5495
5495 2818
2818 925
925 7787
7787 4953
4953 8267
8267 8256
8256 1205
1205 4371
4371 2460
2460 9421
9421 5537
5537 3108
3108 1671
1671 2793
2793 5769
5769 7997
7997 1851
1851 5672
5672 5808
5808 6381
6381 6722
6722 6887
6887 9533
9533 1689
1689 6928
6928 1841
1841 1505
1505 4609
4609 1729
1729 8966
8966 1688
1688 6402
6402 9130
9130 489
489 6160
6160 4645
4645 6418
6418 5561
5561 248
248 5767
5767 8461
8461 8519
8519 9282
9282 6405
6405 5532
5532 6870
6870 8441
8441 1668
1668 2783
2783 5832
5832 7741
7741 1928
1928 1204
1204 6497
6497 7792
7792 2385
2385 5217
5217 9067
9067 3702
3702 939
939 1079
1079 3165
3165 500
500 740
740 8079
8079 2592
2592 2177
2177 364
364 7368
7368 5293
5293 9009
9009 9532
9532 1109
1109 1251
1251 3517
3517 3113
3113 7761
7761 8115
8115 199
199 8477
8477 7217
7217 8395
8395 6264
6264 7801
7801 7783
7783 1839
1839 5697
5697 3450
3450 8361
8361 4115
4115 6599
6599 8151
8151 618
618 9482
9482 1908
1908 2597
2597 2481
2481 8643
8643 3763
3763 1814
1814 2865
2865 2391
2391 5875
5875 1886
1886 4891
4891 492
492 4791
4791 7832
7832 4277
4277 3424
3424 2575
2575 2620
2620 7756
7756 8942
8942 2682
2682 4788
4788 8227
8227 892
892 1475
1475 4528
4528 2775
2775 6749
6749 4775
4775 9027
9027 3208
3208 7549
7549 9050
9050 2339
2339 2094
2094 9020
9020 7046
7046 2785
2785 5477
5477 2478
2478 5765
5765 9517
9517 3420
3420 4172
4172 1268
1268 5969
5969 9108
9108 7470
7470 2075
2075 4912
4912 7095
7095 9480
9480 859
859 5009
5009 8783
8783 7263
7263 2414
2414 6519
6519 3172
3172 960
960 5666
5666 9085
9085 1821
1821 6751
6751 1169
1169 3135
3135 3383
3383 3786
3786 4902
4902 3183
3183 8158
8158 7962
7962 6148
6148 8481
8481 1206
1206 7279
7279 8753
8753 6871
6871 8375
8375 990
990 3434
3434 9219
9219 1123
1123 7875
7875 7846
7846 9555
9555 9223
9223 1215
1215 8909
8909 7672
7672 3774
3774 4564
4564 6780
6780 8440
8440 2900
2900 696
696 3973
3973 777
777 2386
2386 454
454 687
687 7244
7244 3686
3686 1628
1628 4999
4999 6971
6971 7477
7477 3803
3803 8985
8985 7725
7725 2593
2593 738
738 8093
8093 7224
7224 2774
2774 2190
2190 547
547 6517
6517 5464
5464 6838
6838 730
730 3407
3407 3429
3429 7262
7262 6926
6926 4917
4917 3990
3990 1171
1171 2745
2745 6999
6999 4867
4867 410
410 7003
7003 9271
9271 8121
8121 4557
4557 6466
6466 5371
5371 4373
4373 6520
6520 1402
1402 1691
1691 6947
6947 1511
1511 7316
7316 8719
8719 9463
9463 9342
9342 2069
2069 1734
1734 562
562 5815
5815 2064
2064 5673
5673 5144
5144 4301
4301 2004
2004 2273
2273 2985
2985 4944
4944 9096
9096 7028
7028 443
443 3327
3327 4039
4039 1750
1750 286
286 471
471 771
771 3796
3796 646
646 5330
5330 7289
7289 283
283 9181
9181 1873
1873 5437
5437 7821
7821 7443
7443 536
536 3462
3462 8138
8138 3350
3350 7512
7512 8094
8094 3515
3515 8300
8300 795
795 4448
4448 3908
3908 9112
9112 7307
7307 7128
7128 1136
1136 879
879 2638
2638 4486
4486 1277
1277 2406
2406 2676
2676 1303
1303 1012
1012 4883
4883 3024
3024 5440
5440 5198
5198 899
899 4508
4508 5482
5482 4664
4664 2477
2477 1859
1859 4931
4931 5738
5738 4236
4236 1047
1047 3614
3614 6685
6685 9445
9445 6370
6370 5872
5872 7424
7424 4876
4876 5679
5679 1158
1158 5865
5865 1802
1802 9368
9368 809
809 5905
5905 6688
6688 7077
7077 6139
6139 5631
5631 3180
3180 6678
6678 235
235 2924
2924 3117
3117 8405
8405 7571
7571 5936
5936 8203
8203 6102
6102 8279
8279 3584
3584 1579
1579 9167
9167 9321
9321 679
679 161
161 3712
3712 8741
8741 6587
6587 5818
5818 154
154 5184
5184 4808
4808 4348
4348 7160
7160 7500
7500 4393
4393 8631
8631 7804
7804 6310
6310 589
589 1366
1366 4830
4830 7819
7819 6128
6128 7439
7439 7507
7507 1072
1072 1239
1239 4827
4827 4337
4337 8146
8146 5636
5636 1674
1674 432
432 5401
5401 4973
4973 3456
3456 4885
4885 6651
6651 8835
8835 6354
6354 1686
1686 6840
6840 213
213 5799
5799 6443
6443 3268
3268 5296
5296 6187
6187 9133
9133 7519
7519 8242
8242 7062
7062 7230
7230 535
535 3027
3027 1127
1127 3019
3019 7467
7467 7297
7297 6896
6896 5476
5476 1808
1808 6932
6932 620
620 1819
1819 1470
1470 326
326 2749
2749 1154
1154 7830
7830 2451
2451 8883
8883 3553
3553 1649
1649 842
842 7974
7974 4276
4276 3195
3195 3676
3676 399
399 4893
4893 5007
5007 8356
8356 7442
7442 3668
3668 5512
5512 6639
6639 5254
5254 271
271 884
884 3610
3610 5921
5921 7690
7690 8775
8775 6336
6336 6764
6764 9467
9467 6530
6530 9276
9276 8020
8020 4943
4943 532
532 8622
8622 682
682 7684
7684 435
435 3338
3338 8112
8112 3863
3863 3300
3300 1975
1975 4135
4135 2512
2512 9094
9094 8676
8676 90
90 9035
9035 3005
3005 8321
8321 8178
8178 7374
7374 1582
1582 4673
4673 6819
6819 1727
1727 6507
6507 9249
9249 3855
3855 5297
5297 3131
3131 6907
6907 3039
3039 1553
1553 1872
1872 724
724 7045
7045 475
475 7845
7845 1626
1626 8901
8901 4191
4191 1153
1153 1401
1401 3121
3121 5520
5520 3241
3241 3399
3399 6458
6458 7644
7644 8948
8948 6269
6269 5258
5258 6704
6704 2495
2495 3460
3460 6286
6286 758
758 8255
8255 1449
1449 3925
3925 4777
4777 4428
4428 5146
5146 4369
4369 5473
5473 5722
5722 3842
3842 9164
9164 2822
2822 9536
9536 4440
4440 6547
6547 306
306 4751
4751 8271
8271 2399
2399 6321
6321 3187
3187 6088
6088 7201
7201 5764
5764 6250
6250 8897
8897 3402
3402 1588
1588 371
371 332
332 7888
7888 6590
6590 1615
1615 941
941 7298
7298 6739
6739 5691
5691 4763
4763 3527
3527 651
651 9468
9468 2828
2828 3819
3819 2178
2178 6411
6411 4460
4460 4563
4563 6891
6891 2999
2999 1849
1849 3852
3852 8701
8701 6248
6248 4901
4901 5785
5785 6608
6608 205
205 2035
2035 817
817 9381
9381 2155
2155 2275
2275 4923
4923 3261
3261 7712
7712 2621
2621 3325
3325 2503
2503 2431
2431 2120
2120 5688
5688 4531
4531 5327
5327 4204
4204 4517
4517 50
50 1275
1275 3841
3841 5828
5828 1868
1868 1177
1177 9132
9132 310
310 8216
8216 6159
6159 6208
6208 1562
1562 2326
2326 7938
7938 8262
8262 2726
2726 3085
3085 1228
1228 8666
8666 5745
5745 8072
8072 684
684 5215
5215 7014
7014 581
581 911
911 7858
7858 6066
6066 6551
6551 5066
5066 8367
8367 2896
2896 1840
1840 2490
2490 4703
4703 3864
3864 1238
1238 6204
6204 7447
7447 5471
5471 2205
2205 9316
9316 4623
4623 2892
2892 6074
6074 2229
2229 1592
1592 1260
1260 3596
3596 6598
6598 4878
4878 8873
8873 2464
2464 2677
2677 8394
8394 5857
5857 9087
9087 93
93 7268
7268 2457
2457 2468
2468 3674
3674 6272
6272 9068
9068 2235
2235 104
104 2684
2684 6395
6395 3137
3137 2940
2940 722
722 8000
8000 8340
8340 8661
8661 2067
2067 3059
3059 4829
4829 1991
1991 4159
4159 9477
9477 8558
8558 1789
1789 4649
4649 5598
5598 6818
6818 1444
1444 4905
4905 6630
6630 3679
3679 2491
2491 397
397 6746
6746 5640
5640 6620
6620 7788
7788 2106
2106 5858
5858 648
648 224
224 7994
7994 4498
4498 6716
6716 3767
3767 3457
3457 7978
7978 9003
9003 7147
7147 1813
1813 8355
8355 8310
8310 8421
8421 4463
4463 2224
2224 7520
7520 1520
1520 3731
3731 7840
7840 1768
1768 7056
7056 5345
5345 8165
8165 5633
5633 1202
1202 2957
2957 1281
1281 2963
2963 129
129 4588
4588 7408
7408 1811
1811 7799
7799 8613
8613 1285
1285 1878
1878 3920
3920 2838
2838 339
339 917
917 4534
4534 6049
6049 3273
3273 9259
9259 640
640 7945
7945 8302
8302 5303
5303 5420
5420 3911
3911 9246
9246 34
34 2083
2083 8343
8343 1901
1901 2703
2703 1420
1420 5311
5311 719
719 8977
8977 7615
7615 6492
6492 4067
4067 1753
1753 2560
2560 3467
3467 5000
5000 7987
7987 6363
6363 2910
2910 4918
4918 6033
6033 3171
3171 1793
1793 6589
6589 1408
1408 8693
8693 2627
2627 4630
4630 7177
7177 8338
8338 7239
7239 3877
3877 5004
5004 467
467 5268
5268 2555
2555 3219
3219 1231
1231 4130
4130 5891
5891 8372
8372 3772
3772 5530
5530 6419
6419 219
219 5065
5065 4834
4834 9153
9153 4696
4696 4281
4281 9250
9250 3032
3032 7008
7008 255
255 3794
3794 4785
4785 336
336 3743
3743 4068
4068 2063
2063 8250
8250 4200
4200 881
881 9216
9216 4250
4250 8417
8417 5315
5315 5082
5082 9032
9032 2209
2209 3330
3330 9101
9101 7879
7879 41
41 3716
3716 3264
3264 2758
2758 927
927 2013
2013 3566
3566 7243
7243 2903
2903 7257
7257 1105
1105 6534
6534 1022
1022 2559
2559 567
567 6625
6625 3153
3153 8589
8589 4010
4010 4060
4060 6692
6692 6836
6836 8066
8066 7542
7542 8844
8844 8339
8339 6631
6631 1912
1912 7133
7133 8195
8195 6557
6557 6116
6116 4850
4850 2609
2609 6170
6170 668
668 7241
7241 6521
6521 8895
8895 2800
2800 5086
5086 3589
3589 6431
6431 509
509 6263
6263 3985
3985 2255
2255 666
666 1695
1695 8119
8119 7529
7529 9089
9089 7155
7155 8442
8442 3787
3787 6670
6670 3240
3240 9240
9240 3752
3752 5582
5582 5920
5920 7084
7084 4328
4328 7957
7957 9221
9221 8851
8851 9449
9449 4663
4663 4196
4196 9296
9296 200
200 8863
8863 5329
5329 9177
9177 5446
5446 5358
5358 691
691 870
870 2115
2115 1464
1464 241
241 1448
1448 3083
3083 543
543 984
984 8234
8234 1492
1492 5259
5259 545
545 2958
2958 4108
4108 113
113 4412
4412 3063
3063 7719
7719 5195
5195 3342
3342 9376
9376 4776
4776 4799
4799 3824
3824 2920
2920 1685
1685 8742
8742 7232
7232 7606
7606 2101
2101 5012
5012 3130
3130 2328
2328 1510
1510 8129
8129 8679
8679 8513
8513 542
542 2843
2843 5048
5048 979
979 3090
3090 8838
8838 4877
4877 633
633 287
287 3347
3347 528
528 8035
8035 1675
1675 9510
9510 1201
1201 69
69 3500
3500 6788
6788 5377
5377 6610
6610 7653
7653 4409
4409 3720
3720 8014
8014 3305
3305 2225
2225 6422
6422 5252
5252 1635
1635 4016
4016 1221
1221 8257
8257 8718
8718 2
2 2880
2880 2022
2022 2425
2425 2467
2467 3624
3624 5684
5684 9062
9062 378
378 6919
6919 7466
7466 6081
6081 3069
3069 1538
1538 8025
8025 8578
8578 3274
3274 7633
7633 4740
4740 1949
1949 6082
6082 4553
4553 824
824 1034
1034 7597
7597 1175
1175 2117
2117 8039
8039 5854
5854 5870
5870 4890
4890 7101
7101 6522
6522 2421
2421 3182
3182 5104
5104 7163
7163 4828
4828 8820
8820 7296
7296 7397
7397 5853
5853 6123
6123 748
748 5039
5039 4288
4288 8001
8001 9143
9143 7319
7319 1088
1088 5943
5943 6823
6823 8252
8252 768
768 8143
8143 1933
1933 8390
8390 8197
8197 2654
2654 4410
4410 8784
8784 7083
7083 2612
2612 5288
5288 2700
2700 2982
2982 2240
2240 8393
8393 7757
7757 1286
1286 8474
8474 44
44 4210
4210 2852
2852 5154
5154 6041
6041 5916
5916 2315
2315 5890
5890 664
664 533
533 7746
7746 2102
2102 4358
4358 8328
8328 7322
7322 2539
2539 2878
2878 2076
2076 6743
6743 374
374 4725
4725 8147
8147 5543
5543 1916
1916 5719
5719 1406
1406 1418
1418 6954
6954 4166
4166 3156
3156 469
469 945
945 7754
7754 5025
5025 1523
1523 331
331 3011
3011 8563
8563 3335
3335 2341
2341 2634
2634 6769
6769 2729
2729 1939
1939 7364
7364 4722
4722 2973
2973 6560
6560 158
158 4592
4592 7338
7338 9361
9361 8109
8109 4217
4217 2041
2041 6563
6563 2108
2108 3845
3845 977
977 5352
5352 1742
1742 2410
2410 1919
1919 8564
8564 1605
1605 2463
2463 5941
5941 5674
5674 3439
3439 6469
6469 6496
6496 6320
6320 7635
7635 2618
2618 8377
8377 3193
3193 8130
8130 1594
1594 685
685 8792
8792 5860
5860 5153
5153 7369
7369 5709
5709 5978
5978 8845
8845 4593
4593 8492
8492 8663
8663 6561
6561 1461
1461 3421
3421 1119
1119 3578
3578 6126
6126 1619
1619 1633
1633 291
291 320
320 861
861 3058
3058 2590
2590 3821
3821 3374
3374 8110
8110 4869
4869 4480
4480 3836
3836 7151
7151 272
272 2678
2678 8537
8537 4749
4749 1076
1076 5826
5826 1103
1103 9558
9558 3376
3376 7688
7688 9010
9010 206
206 2342
2342 3362
3362 9348
9348 4011
4011 558
558 8793
8793 5444
5444 5095
5095 1160
1160 2194
2194 220
220 7484
7484 3604
3604 2853
2853 3177
3177 5641
5641 415
415 3428
3428 2656
2656 2780
2780 2801
2801 603
603 3258
3258 4809
4809 1491
1491 4083
4083 993
993 2525
2525 5431
5431 384
384 2010
2010 1140
1140 4173
4173 5945
5945 1770
1770 3016
3016 143
143 1358
1358 4458
4458 6921
6921 6195
6195 2883
2883 2705
2705 3232
3232 8584
8584 2588
2588 6930
6930 8136
8136 319
319 8024
8024 9426
9426 6091
6091 4727
4727 7376
7376 4807
4807 8469
8469 8437
8437 2303
2303 8672
8672 3045
3045 9424
9424 8808
8808 1712
1712 1323
1323 6158
6158 575
575 4385
4385 9043
9043 6380
6380 426
426 4242
4242 8687
8687 2502
2502 823
823 5185
5185 4418
4418 5202
5202 6898
6898 49
49 4046
4046 8369
8369 2384
2384 4947
4947 4149
4149 8164
8164 2945
2945 391
391 1052
1052 5287
5287 8517
8517 6017
6017 9309
9309 4069
4069 9332
9332 5955
5955 2338
2338 2347
2347 7024
7024 6173
6173 9170
9170 5231
5231 902
902 1613
1613 637
637 4119
4119 6696
6696 7674
7674 2497
2497 8524
8524 5275
5275 3294
3294 7005
7005 133
133 582
582 5733
5733 4467
4467 8444
8444 31
31 1561
1561 9505
9505 5724
5724 8425
8425 4029
4029 2430
2430 8550
8550 5064
5064 7110
7110 2906
2906 3275
3275 8800
8800 4971
4971 7465
7465 5248
5248 7524
7524 1803
1803 4908
4908 6019
6019 4138
4138 1597
1597 7054
7054 1457
1457 1759
1759 5744
5744 608
608 2187
2187 8850
8850 7744
7744 4156
4156 3106
3106 8995
8995 1977
1977 780
780 2036
2036 290
290 438
438 2160
2160 3850
3850 995
995 4227
4227 6328
6328 8518
8518 8080
8080 237
237 6900
6900 4284
4284 8717
8717 2009
2009 1198
1198 2631
2631 7023
7023 5497
5497 6795
6795 3490
3490 1651
1651 5622
5622 2948
2948 6665
6665 2599
2599 1233
1233 2946
2946 4903
4903 7081
7081 2856
2856 2911
2911 3647
3647 7283
7283 1890
1890 3046
3046 2093
2093 8892
8892 8848
8848 7898
7898 804
804 8206
8206 4433
4433 9413
9413 2416
2416 9188
9188 1932
1932 8144
8144 4356
4356 3976
3976 8706
8706 7624
7624 8259
8259 5488
5488 3828
3828 8023
8023 7330
7330 6243
6243 754
754 8774
8774 627
627 3953
3953 2487
2487 2278
2278 3605
3605 5575
5575 8843
8843 4038
4038 2453
2453 4884
4884 1860
1860 7850
7850 3559
3559 6453
6453 566
566 4395
4395 8699
8699 4492
4492 5506
5506 2866
2866 3858
3858 1162
1162 7703
7703 3729
3729 2769
2769 9441
9441 1108
1108 519
519 6332
6332 829
829 1024
1024 8298
8298 7403
7403 3804
3804 2708
2708 2335
2335 7708
7708 8187
8187 2333
2333 5272
5272 6182
6182 9044
9044 794
794 4475
4475 8401
8401 3715
3715 9422
9422 5888
5888 6863
6863 9347
9347 926
926 6512
6512 672
672 7643
7643 6229
6229 1852
1852 2466
2466 1282
1282 4804
4804 4218
4218 1328
1328 8276
8276 9396
9396 62
62 2084
2084 4504
4504 1404
1404 9438
9438 1498
1498 4587
4587 6856
6856 6490
6490 42
42 5384
5384 7229
7229 508
508 4372
4372 7572
7572 2722
2722 8501
8501 8927
8927 5022
5022 9179
9179 5778
5778 5132
5132 479
479 176
176 964
964 8521
8521 3212
3212 3503
3503 7742
7742 8459
8459 8818
8818 1371
1371 8512
8512 315
315 2088
2088 5712
5712 5751
5751 1834
1834 2794
2794 5111
5111 6515
6515 7249
7249 3623
3623 7556
7556 1241
1241 5612
5612 2081
2081 52
52 4701
4701 8557
8557 2824
2824 2398
2398 3655
3655 7385
7385 6626
6626 942
942 6384
6384 4986
4986 351
351 6829
6829 4177
4177 1764
1764 7427
7427 4125
4125 3901
3901 2015
2015 7964
7964 7129
7129 177
177 9427
9427 1100
1100 2936
2936 3941
3941 6655
6655 1710
1710 9023
9023 7854
7854 7433
7433 5621
5621 1434
1434 8005
8005 9098
9098 4157
4157 2897
2897 3766
3766 2153
2153 5337
5337 1885
1885 180
180 4939
4939 2175
2175 4000
4000 9222
9222 6811
6811 3126
3126 5699
5699 8939
8939 239
239 1427
1427 7970
7970 2692
2692 372
372 9273
9273 7075
7075 4961
4961 7612
7612 3782
3782 7755
7755 6461
6461 5317
5317 2408
2408 4927
4927 8135
8135 6718
6718 2271
2271 9118
9118 2363
2363 7341
7341 2373
2373 8122
8122 4427
4427 6797
6797 6112
6112 3732
3732 4118
4118 4948
4948 7971
7971 8235
8235 6562
6562 690
690 7182
7182 6484
6484 3483
3483 2581
2581 9442
9442 3107
3107 208
208 4061
4061 4839
4839 5574
5574 9183
9183 7393
7393 3537
3537 3035
3035 5866
5866 5182
5182 6977
6977 3440
3440 5791
5791 316
316 1234
1234 1946
1946 3049
3049 3769
3769 4554
4554 6012
6012 8924
8924 3269
3269 9495
9495 1630
1630 1126
1126 836
836 4176
4176 6640
6640 2642
2642 145
145 1398
1398 951
951 5078
5078 1703
1703 2145
2145 4537
4537 8528
8528 3038
3038 1314
1314 4350
4350 1850
1850 3013
3013 3236
3236 285
285 5333
5333 9231
9231 1263
1263 1831
1831 5148
5148 6747
6747 8327
8327 2233
2233 8823
8823 1236
1236 5460
5460 9479
9479 7753
7753 7567
7567 7663
7663 258
258 2270
2270 9406
9406 111
111 6508
6508 1723
1723 294
294 8853
8853 1269
1269 2601
2601 6014
6014 1468
1468 5836
5836 8311
8311 6939
6939 2767
2767 8716
8716 4086
4086 6353
6353 6119
6119 7622
7622 915
915 1010
1010 1214
1214 843
843 109
109 6396
6396 7086
7086 9241
9241 70
70 1098
1098 4873
4873 5255
5255 4687
4687 452
452 1871
1871 6573
6573 7779
7779 270
270 8156
8156 6061
6061 2730
2730 1515
1515 4940
4940 5893
5893 2657
2657 1188
1188 2659
2659 8371
8371 513
513 2049
2049 4925
4925 8990
8990 739
739 871
871 3670
3670 6220
6220 8571
8571 3284
3284 2172
2172 4077
4077 3915
3915 5542
5542 3410
3410 4984
4984 2753
2753 38
38 369
369 8928
8928 1399
1399 1208
1208 280
280 6711
6711 7148
7148 1321
1321 4449
4449 7233
7233 4668
4668 9248
9248 5312
5312 8384
8384 340
340 3254
3254 523
523 1724
1724 3724
3724 866
866 134
134 284
284 851
851 2236
2236 5649
5649 7253
7253 5656
5656 5183
5183 2515
2515 5314
5314 6674
6674 5618
5618 1805
1805 2952
2952 3272
3272 6967
6967 3651
3651 8639
8639 5177
5177 8936
8936 5617
5617 8992
8992 7518
7518 6154
6154 185
185 555
555 380
380 7733
7733 2286
2286 9528
9528 1042
1042 8289
8289 2348
2348 4965
4965 7450
7450 8688
8688 4181
4181 2140
2140 5988
5988 203
203 4585
4585 7831
7831 358
358 617
617 7874
7874 3530
3530 639
639 3291
3291 3613
3613 4652
4652 6055
6055 7581
7581 2031
2031 4483
4483 5901
5901 1543
1543 2268
2268 1602
1602 7659
7659 8098
8098 4613
4613 3931
3931 2378
2378 553
553 4226
4226 3210
3210 733
733 183
183 8508
8508 4780
4780 1013
1013 1503
1503 1980
1980 12
12 2183
2183 4032
4032 2297
2297 8010
8010 7270
7270 0
0 7306
7306 9277
9277 2169
2169 5564
5564 9389
9389 9527
9527 6181
6181 7639
7639 7388
7388 8932
8932 4810
4810 8019
8019 3111
3111 6817
6817 6157
6157 2989
2989 1385
1385 3753
3753 6262
6262 6690
6690 7710
7710 8168
8168 5292
5292 9279
9279 2053
2053 863
863 3433
3433 8633
8633 1081
1081 9191
9191 3125
3125 7390
7390 1270
1270 7685
7685 7195
7195 8726
8726 7965
7965 9448
9448 9056
9056 5163
5163 1134
1134 7601
7601 6603
6603 976
976 5592
5592 5368
5368 8004
8004 1320
1320 5026
5026 7676
7676 3699
3699 8900
8900 1176
1176 2423
2423 9496
9496 1311
1311 7731
7731 3437
3437 8060
8060 4246
4246 8247
8247 903
903 1866
1866 301
301 7360
7360 6213
6213 4710
4710 4334
4334 1661
1661 5593
5593 7698
7698 4787
4787 8511
8511 1421
1421 4310
4310 6255
6255 3756
3756 848
848 1861
1861 3391
3391 3942
3942 6324
6324 7714
7714 2871
2871 1926
1926 8598
8598 4730
4730 2123
2123 8978
8978 5037
5037 8646
8646 2996
2996 7837
7837 4735
4735 1415
1415 6911
6911 1327
1327 6141
6141 7924
7924 3034
3034 5152
5152 750
750 2768
2768 7462
7462 1433
1433 2072
2072 3366
3366 6634
6634 8142
8142 6143
6143 1121
1121 5219
5219 9013
9013 8471
8471 5141
5141 9048
9048 7937
7937 7035
7035 5777
5777 8326
8326 5118
5118 6694
6694 3742
3742 8053
8053 745
745 2129
2129 559
559 6728
6728 3307
3307 1359
1359 8703
8703 3580
3580 588
588 5664
5664 5373
5373 5326
5326 7833
7833 6933
6933 3283
3283 9225
9225 802
802 9401
9401 699
699 8770
8770 1125
1125 4909
4909 8462
8462 79
79 8626
8626 5207
5207 5033
5033 6343
6343 2025
2025 6500
6500 7720
7720 8790
8790 5692
5692 1744
1744 1197
1197 9384
9384 8971
8971 6959
6959 2725
2725 4275
4275 6649
6649 6463
6463 6864
6864 8606
8606 6397
6397 3102
3102 3091
3091 4399
4399 2686
2686 4189
4189 3591
3591 8885
8885 4233
4233 2116
2116 7610
7610 7475
7475 9355
9355 6404
6404 4208
4208 1078
1078 2598
2598 6738
6738 700
700 6439
6439 1179
1179 7514
7514 6379
6379 676
676 8700
8700 6361
6361 975
975 3749
3749 7805
7805 9465
9465 8413
8413 8984
8984 8479
8479 2962
2962 7278
7278 5780
5780 7592
7592 442
442 8399
8399 7614
7614 7570
7570 1606
1606 8408
8408 7577
7577 4485
4485 9547
9547 7947
7947 7728
7728 1150
1150 5481
5481 6877
6877 4336
4336 7320
7320 6785
6785 4354
4354 1537
1537 7982
7982 8768
8768 5079
5079 9038
9038 3575
3575 5637
5637 4836
4836 6510
6510 210
210 798
798 6495
6495 6773
6773 3199
3199 2777
2777 5298
5298 2321
2321 4981
4981 4494
4494 9473
9473 6572
6572 8346
8346 7554
7554 5676
5676 8960
8960 8989
8989 1344
1344 6462
6462 806
806 7292
7292 4765
4765 8389
8389 9186
9186 3470
3470 1997
1997 5962
5962 9058
9058 981
981 5819
5819 580
580 4260
4260 1765
1765 242
242 8038
8038 6076
6076 4146
4146 5720
5720 5400
5400 9412
9412 7721
7721 7304
7304 7637
7637 1207
1207 7510
7510 6641
6641 67
67 4521
4521 2368
2368 3445
3445 7378
7378 3843
3843 7751
7751 4766
4766 1838
1838 2361
2361 729
729 6552
6552 9455
9455 5190
5190 1267
1267 2540
2540 3423
3423 8691
8691 6230
6230 9201
9201 5211
5211 1064
1064 1730
1730 9238
9238 7605
7605 5069
5069 7256
7256 7486
7486 335
335 5783
5783 8148
8148 7980
7980 91
91 7400
7400 9151
9151 3735
3735 6234
6234 7426
7426 5013
5013 6889
6889 4520
4520 1923
1923 5260
5260 1357
1357 8500
8500 3865
3865 4586
4586 9428
9428 3570
3570 3356
3356 7988
7988 1155
1155 8947
8947 8438
8438 7910
7910 4950
4950 2872
2872 6855
6855 4750
4750 638
638 5680
5680 9253
9253 5421
5421 3247
3247 1749
1749 3814
3814 3733
3733 3371
3371 2804
2804 4907
4907 4545
4545 2501
2501 4185
4185 8904
8904 6982
6982 6283
6283 7184
7184 2383
2383 4293
4293 6776
6776 6459
6459 7730
7730 5140
5140 9452
9452 4180
4180 3287
3287 214
214 6886
6886 2576
2576 947
947 2382
2382 7913
7913 1575
1575 1899
1899 37
37 9566
9566 569
569 3120
3120 5119
5119 47
47 5014
5014 3225
3225 101
101 9204
9204 6708
6708 3020
3020 752
752 2558
2558 7516
7516 6316
6316 4215
4215 2135
2135 7886
7886 7701
7701 5885
5885 5381
5381 198
198 18
18 8173
8173 2761
2761 298
298 6441
6441 734
734 607
607 3358
3358 5339
5339 5180
5180 2340
2340 2701
2701 1776
1776 763
763 3654
3654 3318
3318 6849
6849 5162
5162 765
765 8347
8347 7750
7750 549
549 3592
3592 3560
3560 3791
3791 6924
6924 307
307 6207
6207 58
58 3369
3369 8650
8650 3216
3216 6309
6309 1474
1474 8674
8674 8333
8333 8291
8291 2907
2907 772
772 1720
1720 5363
5363 8713
8713 9007
9007 9214
9214 8785
8785 8482
8482 8776
8776 7630
7630 2885
2885 9022
9022 4813
4813 9550
9550 1480
1480 7154
7154 7825
7825 3950
3950 7544
7544 4271
4271 7395
7395 6326
6326 2429
2429 3252
3252 9206
9206 6494
6494 1731
1731 497
497 5019
5019 7349
7349 28
28 3859
3859 7412
7412 7237
7237 1151
1151 3916
3916 6972
6972 1506
1506 394
394 2078
2078 2435
2435 1087
1087 9266
9266 7827
7827 885
885 6334
6334 6145
6145 7188
7188 6398
6398 5897
5897 7308
7308 6882
6882 5734
5734 6386
6386 1815
1815 5619
5619 2779
2779 8903
8903 7258
7258 5029
5029 8232
8232 3913
3913 8292
8292 1680
1680 4139
4139 8044
8044 1708
1708 3158
3158 5913
5913 980
980 3074
3074 1888
1888 2591
2591 5452
5452 8906
8906 6990
6990 8455
8455 9119
9119 5208
5208 8452
8452 4624
4624 3052
3052 282
282 5792
5792 9154
9154 3535
3535 9524
9524 9116
9116 5620
5620 1820
1820 3940
3940 2747
2747 6191
6191 9288
9288 2617
2617 6689
6689 6653
6653 6815
6815 4819
4819 9357
9357 233
233 3923
3923 4464
4464 123
123 3354
3354 5796
5796 2993
2993 6124
6124 6323
6323 1147
1147 2355
2355 4188
4188 4037
4037 9176
9176 8951
8951 3632
3632 1780
1780 8217
8217 8994
8994 5602
5602 4610
4610 3966
3966 4364
4364 8662
8662 6232
6232 4726
4726 5023
5023 4616
4616 6293
6293 2246
2246 6502
6502 4230
4230 7691
7691 5261
5261 8243
8243 5302
5302 1082
1082 9530
9530 2518
2518 8084
8084 1074
1074 4866
4866 6742
6742 6488
6488 1853
1853 2193
2193 2376
2376 3838
3838 5434
5434 7532
7532 3847
3847 482
482 3905
3905 1019
1019 609
609 4027
4027 4117
4117 852
852 4929
4929 8403
8403 5929
5929 3397
3397 6597
6597 3902
3902 5416
5416 8600
8600 6611
6611 5842
5842 6357
6357 8313
8313 2971
2971 2987
2987 7912
7912 1305
1305 4023
4023 2438
2438 5816
5816 1476
1476 1308
1308 624
624 7089
7089 7261
7261 1887
1887 7602
7602 6549
6549 6946
6946 8449
8449 1858
1858 8736
8736 5341
5341 5250
5250 1080
1080 2387
2387 5143
5143 8696
8696 3789
3789 5715
5715 4419
4419 4380
4380 9172
9172 5577
5577 7142
7142 2103
2103 8615
8615 9252
9252 8200
8200 377
377 586
586 186
186 8655
8655 3835
3835 2046
2046 8669
8669 5489
5489 7315
7315 1062
1062 9573
9573 1779
1779 7901
7901 9144
9144 4684
4684 478
478 1364
1364 5376
5376 474
474 4223
4223 3642
3642 8100
8100 6352
6352 3093
3093 4133
4133 5220
5220 9192
9192 3302
3302 3070
3070 4052
4052 938
938 4762
4762 8258
8258 5467
5467 2454
2454 4090
4090 7963
7963 5021
5021 6471
6471 2472
2472 7161
7161 4723
4723 1697
1697 229
229 6879
6879 3387
3387 1094
1094 1650
1650 9189
9189 2510
2510 2864
2864 6632
6632 4071
4071 6057
6057 6493
6493 5659
5659 4541
4541 7345
7345 6687
6687 1340
1340 6474
6474 7986
7986 7407
7407 1648
1648 4491
4491 6978
6978 8875
8875 7983
7983 8627
8627 3007
3007 6063
6063 8388
8388 312
312 6881
6881 5120
5120 8957
8957 7114
7114 8198
8198 4792
4792 8228
8228 2615
2615 6270
6270 5613
5613 7019
7019 7666
7666 8591
8591 2718
2718 9123
9123 3988
3988 9156
9156 142
142 1909
1909 2313
2313 6401
6401 1936
1936 5278
5278 5169
5169 9511
9511 5058
5058 7310
7310 3959
3959 5747
5747 5540
5540 2670
2670 9543
9543 7959
7959 8272
8272 9034
9034 450
450 5919
5919 4143
4143 5755
5755 3157
3157 5226
5226 8032
8032 4280
4280 6675
6675 5236
5236 2310
2310 447
447 2524
2524 1391
1391 5035
5035 4570
4570 6813
6813 78
78 2189
2189 6120
6120 593
593 943
943 4219
4219 7414
7414 1070
1070 1258
1258 4744
4744 4502
4502 491
491 735
735 393
393 8082
8082 131
131 7065
7065 8840
8840 8040
8040 4806
4806 5643
5643 119
119 912
912 8029
8029 8813
8813 6219
6219 1902
1902 2494
2494 2418
2418 5235
5235 3713
3713 3826
3826 4055
4055 3394
3394 6104
6104 9372
9372 1331
1331 4794
4794 1516
1516 5232
5232 8307
8307 6146
6146 3917
3917 8171
8171 7096
7096 74
74 2488
2488 6391
6391 7138
7138 8120
8120 6432
6432 2868
2868 3779
3779 8625
8625 7145
7145 737
737 4305
4305 6296
6296 2754
2754 5987
5987 2537
2537 3343
3343 7117
7117 2395
2395 530
530 2875
2875 308
308 2519
2519 6377
6377 1417
1417 8856
8856 2419
2419 1132
1132 6904
6904 720
720 179
179 8470
8470 7210
7210 2608
2608 3271
3271 7087
7087 2266
2266 8569
8569 8410
8410 3110
3110 6346
6346 9131
9131 6423
6423 3974
3974 3792
3792 7214
7214 4098
4098 2470
2470 3386
3386 2923
2923 7290
7290 5286
5286 612
612 9075
9075 7911
7911 2995
2995 537
537 3883
3883 8363
8363 6036
6036 2314
2314 6698
6698 7131
7131 816
816 1521
1521 2424
2424 1536
1536 4697
4697 6883
6883 6222
6222 8199
8199 8058
8058 807
807 5675
5675 7282
7282 9501
9501 1809
1809 8540
8540 1432
1432 9166
9166 2282
2282 1284
1284 1083
1083 3538
3538 3607
3607 8507
8507 6070
6070 5533
5533 4561
4561 6725
6725 7124
7124 3060
3060 8614
8614 59
59 2452
2452 1450
1450 9506
9506 7245
7245 8968
8968 7884
7884 8358
8358 8225
8225 5551
5551 1301
1301 2527
2527 6965
6965 2567
2567 1443
1443 5774
5774 6720
6720 8738
8738 2854
2854 4289
4289 8174
8174 2648
2648 6790
6790 3487
3487 9404
9404 7004
7004 4367
4367 6013
6013 5581
5581 5280
5280 1714
1714 8475
8475 5223
5223 714
714 6988
6988 1104
1104 1994
1994 4066
4066 5556
5556 8807
8807 5973
5973 8799
8799 2357
2357 7553
7553 459
459 1542
1542 8454
8454 2914
2914 4407
4407 9371
9371 1252
1252 4717
4717 2860
2860 9195
9195 6741
6741 6108
6108 9439
9439 3228
3228 6290
6290 8974
8974 5790
5790 6183
6183 6196
6196 2174
2174 2354
2354 8891
8891 1659
1659 6583
6583 7072
7072 6060
6060 2889
2889 8139
8139 7838
7838 8546
8546 5206
5206 7468
7468 882
882 3816
3816 6325
6325 3785
3785 9236
9236 7021
7021 1043
1043 1829
1829 8007
8007 4790
4790 2099
2099 7335
7335 6578
6578 5523
5523 7356
7356 2851
2851 3340
3340 2622
2622 2849
2849 1387
1387 7436
7436 5028
5028 1769
1769 4047
4047 2662
2662 6174
6174 6890
6890 6791
6791 9209
9209 2029
2029 7015
7015 9490
9490 560
560 3754
3754 8103
8103 464
464 1981
1981 5782
5782 132
132 6271
6271 6200
6200 6804
6804 3717
3717 9073
9073 476
476 2420
2420 5535
5535 9270
9270 6472
6472 2475
2475 9026
9026 7490
7490 6068
6068 3174
3174 3474
3474 2899
2899 5976
5976 4478
4478 3525
3525 3739
3739 5090
5090 7793
7793 1376
1376 6003
6003 874
874 7695
7695 9111
9111 9145
9145 6366
6366 8353
8353 8301
8301 4366
4366 7693
7693 5601
5601 6393
6393 1857
1857 1407
1407 7505
7505 8755
8755 1530
1530 5490
5490 8819
8819 1460
1460 430
430 7515
7515 9370
9370 9416
9416 5409
5409 2759
2759 5504
5504 3719
3719 591
591 1462
1462 6226
6226 8991
8991 5665
5665 6529
6529 2045
2045 278
278 3461
3461 4438
4438 4800
4800 2994
2994 5737
5737 2571
2571 8183
8183 405
405 3706
3706 4599
4599 6993
6993 5515
5515 7860
7860 4220
4220 7869
7869 9571
9571 1653
1653 4435
4435 5291
5291 6808
6808 8043
8043 5646
5646 338
338 7641
7641 2181
2181 6546
6546 215
215 834
834 3633
3633 3431
3431 8604
8604 1704
1704 5367
5367 4898
4898 2616
2616 130
130 2844
2844 6799
6799 6107
6107 9047
9047 403
403 2485
2485 678
678 2534
2534 8076
8076 7591
7591 3800
3800 1810
1810 4080
4080 187
187 3331
3331 2935
2935 7557
7557 8810
8810 3595
3595 423
423 5142
5142 4812
4812 6706
6706 8938
8938 3993
3993 2432
2432 7826
7826 7651
7651 9055
9055 1199
1199 1306
1306 922
922 9565
9565 2091
2091 8426
8426 6051
6051 918
918 9139
9139 1526
1526 1377
1377 1842
1842 4008
4008 2164
2164 7438
7438 674
674 2763
2763 3328
3328 9456
9456 1983
1983 7640
7640 9411
9411 932
932 1700
1700 3197
3197 6623
6623 1069
1069 4169
4169 8794
8794 4980
4980 2212
2212 1509
1509 3762
3762 2413
2413 376
376 4518
4518 3279
3279 8705
8705 5725
5725 3088
3088 6673
6673 9213
9213 4028
4028 4859
4859 1054
1054 3466
3466 955
955 8545
8545 630
630 7428
7428 7118
7118 2499
2499 3078
3078 7139
7139 8497
8497 2493
2493 681
681 5647
5647 7441
7441 1122
1122 2353
2353 4106
4106 1787
1787 4636
4636 991
991 2244
2244 6199
6199 5565
5565 2365
2365 3619
3619 7066
7066 7091
7091 3089
3089 1965
1965 7111
7111 680
680 3935
3935 520
520 9395
9395 7293
7293 2819
2819 3425
3425 2744
2744 1419
1419 4318
4318 6595
6595 5746
5746 3718
3718 8296
8296 1182
1182 6340
6340 431
431 1453
1453 8075
8075 5590
5590 8191
8191 4868
4868 89
89 118
118 6854
6854 5175
5175 1101
1101 1224
1224 743
743 151
151 8634
8634 4001
4001 3573
3573 2542
2542 3218
3218 5956
5956 9212
9212 9281
9281 9057
9057 501
501 1165
1165 7162
7162 6358
6358 4569
4569 309
309 7642
7642 4211
4211 9491
9491 1972
1972 8504
8504 556
556 7228
7228 4597
4597 2007
2007 805
805 9012
9012 6266
6266 2221
2221 4818
4818 841
841 1557
1557 322
322 8416
8416 1670
1670 148
148 1192
1192 7738
7738 510
510 4959
4959 8950
8950 4747
4747 5534
5534 3722
3722 2400
2400 3954
3954 2105
2105 202
202 4886
4886 6180
6180 112
112 5964
5964 2909
2909 4930
4930 288
288 790
790 7729
7729 9545
9545 3539
3539 4774
4774 7342
7342 4079
4079 4349
4349 1217
1217 4324
4324 4303
4303 5084
5084 5496
5496 1350
1350 1883
1883 4270
4270 6892
6892 3603
3603 1501
1501 8131
8131 227
227 4532
4532 3094
3094 1211
1211 2833
2833 8049
8049 893
893 883
883 7908
7908 9107
9107 2561
2561 6424
6424 2301
2301 5106
5106 2786
2786 1426
1426 8560
8560 7102
7102 3656
3656 4737
4737 1396
1396 4105
4105 3389
3389 3025
3025 3524
3524 6162
6162 6040
6040 657
657 7434
7434 8488
8488 5030
5030 590
590 1676
1676 3336
3336 3692
3692 3820
3820 1369
1369 8732
8732 1940
1940 6114
6114 8629
8629 4643
4643 2302
2302 7853
7853 3129
3129 8063
8063 6465
6465 8050
8050 9464
9464 8757
8757 8945
8945 6539
6539 7384
7384 6470
6470 2343
2343 7472
7472 360
360 2300
2300 1181
1181 3593
3593 1289
1289 2727
2727 8322
8322 8149
8149 9138
9138 9454
9454 1346
1346 935
935 1766
1766 8594
8594 3511
3511 2006
2006 3103
3103 5081
5081 7522
7522 4680
4680 2109
2109 6757
6757 9287
9287 1106
1106 1585
1585 7027
7027 204
204 9128
9128 6150
6150 3378
3378 5812
5812 1128
1128 4631
4631 8826
8826 7538
7538 7909
7909 9247
9247 17
17 3313
3313 3014
3014 2602
2602 4450
4450 7530
7530 2125
2125 8565
8565 7457
7457 5569
5569 7711
7711 8145
8145 8877
8877 8466
8466 4291
4291 9029
9029 4332
4332 5423
5423 2966
2966 7620
7620 5525
5525 6732
6732 4733
4733 5308
5308 7984
7984 5279
5279 8169
8169 5475
5475 4424
4424 604
604 7492
7492 7488
7488 2901
2901 551
551 8952
8952 5228
5228 2020
2020 5125
5125 98
98 689
689 6373
6373 3285
3285 9343
9343 5555
5555 4514
4514 5135
5135 5020
5020 8295
8295 2595
2595 7767
7767 820
820 2932
2932 5264
5264 7471
7471 1657
1657 686
686 2061
2061 5015
5015 703
703 1416
1416 25
25 6586
6586 6313
6313 2393
2393 3270
3270 6339
6339 2643
2643 73
73 8489
8489 1
1 5529
5529 4290
4290 29
29 2018
2018 5682
5682 228
228 6592
6592 4352
4352 4111
4111 3097
3097 1029
1029 5689
5689 4187
4187 8308
8308 4249
4249 7366
7366 5980
5980 6671
6671 9453
9453 9106
9106 4711
4711 4362
4362 6833
6833 8509
8509 2214
2214 7418
7418 4633
4633 753
753 3562
3562 3548
3548 3587
3587 1587
1587 4824
4824 3452
3452 4698
4698 7883
7883 4095
4095 707
707 440
440 7093
7093 9168
9168 5172
5172 7645
7645 7325
7325 1817
1817 1479
1479 5
5 5269
5269 8724
8724 3237
3237 4629
4629 8737
8737 6090
6090 7460
7460 2751
2751 8804
8804 6548
6548 5088
5088 6039
6039 5718
5718 7675
7675 3084
3084 1995
1995 3675
3675 6594
6594 3170
3170 8657
8657 1862
1862 8673
8673 6664
6664 2203
2203 8113
8113 2407
2407 7716
7716 6203
6203 7774
7774 9230
9230 2146
2146 7495
7495 4978
4978 2568
2568 5024
5024 3564
3564 1735
1735 3251
3251 6348
6348 688
688 7736
7736 1535
1535 6669
6669 6754
6754 8533
8533 3344
3344 178
178 66
66 6618
6618 1752
1752 9127
9127 5730
5730 9436
9436 9121
9121 6633
6633 1570
1570 8207
8207 4264
4264 5191
5191 8573
8573 367
367 1174
1174 6359
6359 3618
3618 5085
5085 3502
3502 7332
7332 3512
3512 7763
7763 3290
3290 6569
6569 3280
3280 4734
4734 5701
5701 2596
2596 9334
9334 5370
5370 4437
4437 1337
1337 3161
3161 3478
3478 5711
5711 721
721 4148
4148 6873
6873 865
865 7919
7919 1792
1792 2991
2991 2652
2652 3551
3551 4900
4900 404
404 5390
5390 1307
1307 4589
4589 4496
4496 1848
1848 709
709 1135
1135 4459
4459 1349
1349 437
437 4163
4163 2624
2624 4232
4232 4297
4297 5159
5159 3040
3040 1322
1322 1003
1003 3087
3087 8607
8607 4632
4632 5585
5585 7904
7904 1832
1832 444
444 4019
4019 3793
3793 5770
5770 5167
5167 8018
8018 8849
8849 4720
4720 8987
8987 318
318 3181
3181 7706
7706 368
368 5342
5342 3690
3690 3778
3778 7240
7240 2186
2186 8798
8798 2566
2566 7499
7499 1959
1959 2137
2137 2087
2087 2367
2367 7798
7798 3652
3652 9444
9444 4096
4096 6997
6997 4577
4577 1867
1867 2227
2227 811
811 8306
8306 4222
4222 323
323 8415
8415 6929
6929 2476
2476 2144
2144 3257
3257 7513
7513 728
728 3872
3872 7759
7759 269
269 6100
6100 4346
4346 3468
3468 1196
1196 7043
7043 1271
1271 6413
6413 2738
2738 9042
9042 1584
1584 8192
8192 401
401 645
645 7476
7476 80
80 3373
3373 46
46 4924
4924 9161
9161 3666
3666 6414
6414 3532
3532 7654
7654 5350
5350 9159
9159 574
574 4916
4916 246
246 711
711 373
373 43
43 7692
7692 7187
7187 1180
1180 886
886 4268
4268 801
801 184
184 5583
5583 7584
7584 3482
3482 6523
6523 4704
4704 7157
7157 5740
5740 5200
5200 417
417 7254
7254 9489
9489 7683
7683 511
511 5671
5671 2663
2663 2706
2706 4152
4152 5253
5253 3173
3173 1755
1755 6616
6616 4523
4523 4084
4084 7373
7373 2724
2724 7287
7287 5274
5274 9338
9338 3995
3995 673
673 5768
5768 6030
6030 3554
3554 9037
9037 839
839 1610
1610 4571
4571 7413
7413 7088
7088 5305
5305 7773
7773 2655
2655 5432
5432 3955
3955 3567
3567 7559
7559 7191
7191 5123
5123 3726
3726 5975
5975 4386
4386 774
774 9382
9382 347
347 7242
7242 3364
3364 1318
1318 9215
9215 4273
4273 8955
8955 9551
9551 9335
9335 9227
9227 2247
2247 3759
3759 1726
1726 63
63 853
853 159
159 8027
8027 106
106 6710
6710 9415
9415 7211
7211 8530
8530 999
999 256
256 8288
8288 4826
4826 4797
4797 7608
7608 908
908 3298
3298 56
56 418
418 5093
5093 813
813 4658
4658 6566
6566 6480
6480 7026
7026 1025
1025 4657
4657 1738
1738 2026
2026 1732
1732 2201
2201 1507
1507 833
833 4081
4081 9258
9258 1938
1938 2281
2281 5356
5356 4022
4022 9004
9004 9520
9520 2437
2437 481
481 2546
2546 4679
4679 5494
5494 1102
1102 1050
1050 5881
5881 1152
1152 4982
4982 7344
7344 5138
5138 7991
7991 6509
6509 3001
3001 7060
7060 6699
6699 4278
4278 1741
1741 1248
1248 731
731 6851
6851 1786
1786 8404
8404 4519
4519 6022
6022 3622
3622 7052
7052 1611
1611 2988
2988 5485
5485 9497
9497 1117
1117 6568
6568 1713
1713 5498
5498 6021
6021 2100
2100 7190
7190 4274
4274 877
877 5662
5662 4855
4855 6613
6613 9365
9365 7647
7647 1963
1963 1677
1677 7722
7722 4474
4474 3
3 5902
5902 1168
1168 4591
4591 8769
8769 5110
5110 7765
7765 201
201 4370
4370 7521
7521 2839
2839 7877
7877 5806
5806 6979
6979 6874
6874 7391
7391 8611
8611 3807
3807 8707
8707 5196
5196 4919
4919 314
314 3765
3765 2254
2254 4582
4582 3414
3414 477
477 5638
5638 3636
3636 6329
6329 5043
5043 7405
7405 3948
3948 9033
9033 8649
8649 3332
3332 6998
6998 961
961 9070
9070 9492
9492 5521
5521 7396
7396 1466
1466 518
518 6800
6800 7814
7814 4333
4333 5349
5349 3907
3907 9297
9297 1762
1762 412
412 5789
5789 6606
6606 3189
3189 163
163 5509
5509 313
313 8829
8829 4064
4064 6980
6980 3834
3834 9100
9100 6190
6190 422
422 600
600 7419
7419 4721
4721 33
33 6550
6550 6514
6514 6311
6311 8324
8324 3055
3055 3849
3849 8036
8036 5225
5225 1000
1000 4040
4040 7226
7226 8605
8605 2465
2465 195
195 1315
1315 5996
5996 2847
2847 2668
2668 6789
6789 4075
4075 411
411 4847
4847 4142
4142 3480
3480 1652
1652 3031
3031 1528
1528 6872
6872 8610
8610 828
828 2905
2905 1032
1032 994
994 6683
6683 2296
2296 300
300 1944
1944 1288
1288 1004
1004 3639
3639 7699
7699 989
989 3892
3892 6315
6315 3448
3448 4237
4237 8140
8140 6011
6011 5056
5056 94
94 6744
6744 9150
9150 6446
6446 167
167 8312
8312 4627
4627 9097
9097 9386
9386 496
496 3830
3830 2605
2605 5650
5650 7489
7489 5591
5591 3442
3442 7650
7650 7380
7380 4966
4966 8788
8788 8386
8386 1111
1111 7136
7136 6129
6129 3144
3144 831
831 3469
3469 1595
1595 3934
3934 1822
1822 5914
5914 7032
7032 3198
3198 2392
2392 9340
9340 8303
8303 9149
9149 4913
4913 8331
8331 7870
7870 4447
4447 7619
7619 3629
3629 6499
6499 2402
2402 8286
8286 2130
2130 483
483 7179
7179 905
905 6242
6242 4975
4975 4606
4606 2401
2401 3682
3682 5606
5606 8061
8061 9267
9267 5271
5271 3970
3970 7454
7454 1200
1200 6400
6400 3479
3479 3783
3783 1183
1183 8559
8559 2543
2543 4241
4241 5087
5087 7598
7598 4611
4611 615
615 2369
2369 5579
5579 3797
3797 6621
6621 2507
2507 4538
4538 6809
6809 1130
1130 6194
6194 6721
6721 1493
1493 2332
2332 266
266 3455
3455 6949
6949 8364
8364 4389
4389 6893
6893 4566
4566 4666
4666 5398
5398 1956
1956 7586
7586 3757
3757 2238
2238 958
958 5971
5971 6579
6579 3319
3319 2836
2836 712
712 2921
2921 2826
2826 6724
6724 6000
6000 4036
4036 8747
8747 8956
8956 2285
2285 8709
8709 8105
8105 337
337 8161
8161 5375
5375 5698
5698 8186
8186 7820
7820 2276
2276 7806
7806 451
451 9362
9362 261
261 8031
8031 3582
3582 3372
3372 11
11 1445
1445 7277
7277 1984
1984 822
822 2267
2267 3709
3709 7206
7206 4831
4831 7478
7478 3799
3799 4583
4583 2498
2498 7219
7219 4296
4296 7550
7550 6680
6680 1533
1533 3112
3112 3459
3459 573
573 5212
5212 3346
3346 1806
1806 5129
5129 100
100 4540
4540 6816
6816 8999
8999 8712
8712 3599
3599 9293
9293 6257
6257 3409
3409 5926
5926 6607
6607 4852
4852 1966
1966 8833
8833 5983
5983 6570
6570 3200
3200 5667
5667 6062
6062 529
529 3740
3740 4995
4995 539
539 7166
7166 6985
6985 9353
9353 7923
7923 5847
5847 1539
1539 6779
6779 4390
4390 1791
1791 2976
2976 985
985 6342
6342 5351
5351 1709
1709 7459
7459 6974
6974 8683
8683 8157
8157 1573
1573 5835
5835 4949
4949 251
251 7159
7159 485
485 3367
3367 9298
9298 7461
7461 7535
7535 1031
1031 8041
8041 247
247 7122
7122 6908
6908 4361
4361 8411
8411 3644
3644 5947
5947 1800
1800 716
716 2248
2248 6152
6152 1485
1485 5810
5810 2138
2138 5934
5934 7800
7800 2552
2552 812
812 3869
3869 2532
2532 3936
3936 7474
7474 3501
3501 1807
1807 1005
1005 7399
7399 6574
6574 3710
3710 7311
7311 8376
8376 554
554 2698
2698 621
621 2179
2179 8728
8728 9516
9516 2056
2056 5128
5128 9513
9513 5433
5433 2344
2344 1545
1545 8834
8834 1693
1693 6434
6434 8805
8805 7216
7216 9239
9239 8887
8887 5076
5076 9433
9433 7679
7679 4421
4421 1435
1435 1438
1438 6677
6677 2788
2788 2242
2242 2842
2842 2835
2835 3898
3898 1218
1218 7200
7200 7354
7354 1107
1107 4013
4013 3728
3728 7044
7044 1694
1694 8432
8432 4758
4758 9289
9289 1017
1017 6695
6695 5950
5950 1767
1767 6399
6399 7168
7168 6936
6936 9300
9300 6575
6575 4996
4996 6826
6826 6103
6103 5723
5723 5055
5055 135
135 937
937 5830
5830 8548
8548 8428
8428 5355
5355 4306
4306 8083
8083 4285
4285 1654
1654 2211
2211 6647
6647 2904
2904 2110
2110 3738
3738 212
212 7747
7747 713
713 8069
8069 792
792 5917
5917 514
514 8194
8194 512
512 126
126 5173
5173 1255
1255 6938
6938 2536
2536 5284
5284 5306
5306 1987
1987 8133
8133 2533
2533 72
72 9458
9458 4456
4456 8275
8275 3903
3903 4041
4041 6652
6652 8236
8236 4382
4382 7696
7696 3432
3432 5634
5634 3348
3348 5456
5456 2658
2658 4378
4378 333
333 8617
8617 5549
5549 4286
4286 1394
1394 4426
4426 2610
2610 3323
3323 4860
4860 1278
1278 8595
8595 5670
5670 9120
9120 419
419 346
346 7305
7305 4379
4379 1953
1953 1950
1950 2058
2058 6378
6378 3795
3795 625
625 3047
3047 2409
2409 8059
8059 392
392 4007
4007 470
470 4753
4753 165
165 9185
9185 8264
8264 1014
1014 1625
1625 3463
3463 2732
2732 4782
4782 2928
2928 6026
6026 5660
5660 4594
4594 5170
5170 3764
3764 5361
5361 6330
6330 8381
8381 1262
1262 6899
6899 3141
3141 8576
8576 5609
5609 1874
1874 1439
1439 465
465 3616
3616 5966
5966 2280
2280 1428
1428 6221
6221 6185
6185 2259
2259 3196
3196 2640
2640 7781
7781 1459
1459 1232
1232 4841
4841 7844
7844 6241
6241 5097
5097 2021
2021 3817
3817 3278
3278 7815
7815 2269
2269 4164
4164 5648
5648 9378
9378 5958
5958 5642
5642 4383
4383 3010
3010 4116
4116 1514
1514 1935
1935 3809
3809 1517
1517 7260
7260 8879
8879 5629
5629 8641
8641 3314
3314 5553
5553 9313
9313 2047
2047 4345
4345 4598
4598 1967
1967 8048
8048 3417
3417 1354
1354 6067
6067 4403
4403 8402
8402 3583
3583 1212
1212 1761
1761 2570
2570 6858
6858 4151
4151 5624
5624 1527
1527 1665
1665 8740
8740 8222
8222 156
156 406
406 169
169 5171
5171 949
949 8962
8962 3485
3485 6197
6197 4088
4088 6992
6992 2444
2444 3360
3360 3983
3983 1962
1962 9257
9257 5374
5374 6966
6966 1740
1740 1186
1186 3267
3267 8062
8062 6382
6382 1721
1721 3377
3377 3297
3297 6585
6585 5869
5869 3969
3969 761
761 6156
6156 3081
3081 6371
6371 8359
8359 7170
7170 7979
7979 1856
1856 2762
2762 2607
2607 5213
5213 5986
5986 6504
6504 2162
2162 3561
3561 6214
6214 6209
6209 8245
8245 8961
8961 4341
4341 2516
2516 6225
6225 6368
6368 4089
4089 6457
6457 8251
8251 2388
2388 4736
4736 2776
2776 923
923 5896
5896 7013
7013 8635
8635 217
217 3230
3230 1411
1411 7367
7367 8042
8042 4724
4724 3522
3522 2032
2032 6420
6420 9525
9525 4857
4857 8640
8640 7143
7143 7777
7777 4174
4174 2625
2625 7401
7401 6852
6852 3443
3443 4513
4513 2442
2442 1173
1173 8155
8155 6299
6299 6897
6897 2374
2374 3477
3477 4320
4320 5457
5457 7907
7907 8285
8285 5771
5771 2926
2926 6341
6341 1747
1747 9326
9326 8592
8592 6355
6355 9054
9054 7681
7681 4937
4937 87
87 546
546 9165
9165 4453
4453 3678
3678 461
461 2055
2055 3701
3701 8170
8170 9002
9002 649
649 928
928 1272
1272 3653
3653 1827
1827 9280
9280 6407
6407 4816
4816 4556
4556 7215
7215 2637
2637 5203
5203 181
181 7107
7107 3663
3663 5130
5130 1799
1799 1193
1193 14
14 2277
2277 39
39 3491
3491 359
359 3586
3586 5096
5096 1757
1757 6605
6605 913
913 5307
5307 1347
1347 4160
4160 6733
6733 5632
5632 4128
4128 4014
4014 3471
3471 5827
5827 3484
3484 3704
3704 5940
5940 3601
3601 3436
3436 8352
8352 5145
5145 670
670 4892
4892 5889
5889 7921
7921 4767
4767 1961
1961 8485
8485 7599
7599 6072
6072 5898
5898 264
264 2262
2262 9049
9049 8861
8861 5486
5486 3557
3557 6567
6567 2243
2243 3191
3191 1363
1363 3854
3854 8720
8720 694
694 4150
4150 1550
1550 2461
2461 7372
7372 8684
8684 6245
6245 1497
1497 389
389 6803
6803 3956
3956 8572
8572 2667
2667 4987
4987 2697
2697 2356
2356 5165
5165 4552
4552 4655
4655 7968
7968 8412
8412 8099
8099 9437
9437 7594
7594 5394
5394 5218
5218 2336
2336 5316
5316 6654
6654 344
344 7689
7689 95
95 1571
1571 2817
2817 897
897 3385
3385 5803
5803 6298
6298 3556
3556 5895
5895 1607
1607 1090
1090 2054
2054 5616
5616 4207
4207 4506
4506 6096
6096 4802
4802 9485
9485 8828
8828 5625
5625 139
139 3545
3545 2719
2719 6282
6282 2579
2579 7885
7885 2798
2798 8196
8196 365
365 3458
3458 7560
7560 4690
4690 2933
2933 9117
9117 1642
1642 5422
5422 5732
5732 2239
2239 9014
9014 3867
3867 5652
5652 2381
2381 3998
3998 5393
5393 1970
1970 96
96 9466
9466 6970
6970 4708
4708 6861
6861 8998
8998 8012
8012 6828
6828 5726
5726 8638
8638 1728
1728 3519
3519 2710
2710 4112
4112 8941
8941 2922
2922 7104
7104 3897
3897 2090
2090 6176
6176 8414
8414 265
265 4811
4811 321
321 4551
4551 2584
2584 6047
6047 3067
3067 4805
4805 2308
2308 1487
1487 5239
5239 8764
8764 1454
1454 1775
1775 8630
8630 1754
1754 2439
2439 6922
6922 6524
6524 7752
7752 8964
8964 7523
7523 4231
4231 9199
9199 3744
3744 3822
3822 8534
8534 5933
5933 4203
4203 1907
1907 7017
7017 7975
7975 4879
4879 8905
8905 5702
5702 1141
1141 60
60 2450
2450 8230
8230 7033
7033 7596
7596 1397
1397 6715
6715 293
293 4536
4536 1392
1392 2071
2071 8762
8762 110
110 8854
8854 4559
4559 2292
2292 2795
2795 7234
7234 6429
6429 701
701 3980
3980 4562
4562 5017
5017 894
894 2587
2587 5728
5728 2891
2891 8727
8727 9469
9469 1015
1015 4705
4705 7541
7541 557
557 9383
9383 5594
5594 1021
1021 5414
5414 4184
4184 5841
5841 4962
4962 7646
7646 998
998 8323
8323 9242
9242 1298
1298 797
797 446
446 6917
6917 4051
4051 4512
4512 2810
2810 1679
1679 4515
4515 8593
8593 1529
1529 5729
5729 4239
4239 8152
8152 2158
2158 7925
7925 7824
7824 7481
7481 2360
2360 57
57 6540
6540 3509
3509 5873
5873 1086
1086 7493
7493 704
704 5453
5453 7576
7576 7247
7247 1283
1283 2721
2721 7732
7732 1733
1733 8126
8126 8013
8013 6866
6866 3333
3333 2646
2646 4141
4141 6390
6390 5644
5644 5547
5547 4103
4103 108
108 7745
7745 5677
5677 944
944 5539
5539 8345
8345 4006
4006 4265
4265 8556
8556 4256
4256 8756
8756 54
54 1149
1149 6052
6052 2446
2446 6555
6555 6956
6956 9350
9350 764
764 7141
7141 1906
1906 5262
5262 8566
8566 4728
4728 2028
2028 2098
2098 9021
9021 6915
6915 1216
1216 7238
7238 2635
2635 2500
2500 751
751 2514
2514 4472
4472 5224
5224 4941
4941 6995
6995 4783
4783 5685
5685 6077
6077 1296
1296 4353
4353 3115
3115 3626
3626 5113
5113 3316
3316 9069
9069 4136
4136 789
789 7197
7197 7070
7070 8212
8212 1943
1943 5040
5040 6528
6528 9086
9086 3891
3891 4451
4451 3140
3140 7981
7981 7891
7891 4648
4648 3617
3617 362
362 127
127 8486
8486 663
663 8465
8465 3209
3209 2152
2152 7540
7540 7309
7309 1982
1982 2545
2545 6753
6753 6065
6065 4248
4248 8520
8520 9113
9113 1302
1302 4977
4977 7948
7948 9284
9284 3395
3395 9461
9461 325
325 8890
8890 1560
1560 6975
6975 2531
2531 1458
1458 4104
4104 6115
6115 1243
1243 2647
2647 6768
6768 6184
6184 3648
3648 466
466 6437
6437 8815
8815 4546
4546 5487
5487 8348
8348 4580
4580 8896
8896 3398
3398 8686
8686 494
494 252
252 4057
4057 3958
3958 3259
3259 9226
9226 6821
6821 3628
3628 940
940 7440
7440 6701
6701 2003
2003 9256
9256 155
155 5285
5285 8934
8934 9187
9187 7416
7416 8597
8597 5205
5205 5003
5003 7990
7990 616
616 4054
4054 4411
4411 855
855 5998
5998 9374
9374 7223
7223 3176
3176 7235
7235 8430
8430 5246
5246 9305
9305 4292
4292 3734
3734 1133
1133 5263
5263 4048
4048 5461
5461 334
334 2151
2151 3119
3119 116
116 2260
2260 152
152 2947
2947 661
661 2681
2681 3844
3844 1797
1797 1478
1478 1974
1974 1905
1905 973
973 5753
5753 8422
8422 6167
6167 4452
4452 1993
1993 4058
4058 626
626 5299
5299 4745
4745 3155
3155 8265
8265 9561
9561 8522
8522 1299
1299 6235
6235 6307
6307 6703
6703 6637
6637 3981
3981 7617
7617 4224
4224 6958
6958 3023
3023 9320
9320 2863
2863 2916
2916 4849
4849 2644
2644 7404
7404 1865
1865 9040
9040 4778
4778 8682
8682 3594
3594 4854
4854 1044
1044 8495
8495 9031
9031 9470
9470 4122
4122 6723
6723 9024
9024 3345
3345 8117
8117 4391
4391 1227
1227 6943
6943 9483
9483 8532
8532 2964
2964 3933
3933 9217
9217 9025
9025 2778
2778 6948
6948 522
522 5244
5244 8396
8396 3384
3384 6028
6028 3064
3064 4101
4101 6787
6787 2873
2873 8101
8101 1623
1623 7539
7539 9307
9307 117
117 8456
8456 6918
6918 9570
9570 1483
1483 5559
5559 1566
1566 317
317 1971
1971 5114
5114 6079
6079 3868
3868 7564
7564 6260
6260 1586
1586 8612
8612 4825
4825 2707
2707 3289
3289 2436
2436 7451
7451 9364
9364 1061
1061 3684
3684 2547
2547 8067
8067 2746
2746 7038
7038 1777
1777 2317
2317 576
576 1955
1955 5608
5608 5990
5990 2580
2580 5995
5995 1142
1142 434
434 3602
3602 3133
3133 8017
8017 4415
4415 8123
8123 8596
8596 244
244 2298
2298 2968
2968 1161
1161 4625
4625 480
480 3008
3008 2389
2389 311
311 4713
4713 2661
2661 8280
8280 8996
8996 4659
4659 2882
2882 472
472 1360
1360 6714
6714 3635
3635 1624
1624 5587
5587 8832
8832 3565
3565 8880
8880 9105
9105 8334
8334 5413
5413 4147
4147 107
107 2919
2919 5568
5568 2704
2704 2366
2366 7165
7165 1145
1145 3072
3072 6984
6984 2068
2068 2639
2639 8287
8287 3694
3694 2959
2959 808
808 8714
8714 3634
3634 3006
3006 8071
8071 6149
6149 9569
9569 1413
1413 1351
1351 2955
2955 1446
1446 5538
5538 1085
1085 9345
9345 5052
5052 8238
8238 6707
6707 7794
7794 6099
6099 1033
1033 1166
1166 5470
5470 4109
4109 3736
3736 4153
4153 1547
1547 1115
1115 51
51 3292
3292 4768
4768 2322
2322 2180
2180 7437
7437 9541
9541 349
349 8836
8836 8675
8675 4654
4654 896
896 3065
3065 7265
7265 8116
8116 6002
6002 9429
9429 6094
6094 8531
8531 4994
4994 6991
6991 7509
7509 7272
7272 1348
1348 7503
7503 8387
8387 6415
6415 2458
2458 3322
3322 4578
4578 3092
3092 785
785 9184
9184 2141
2141 5536
5536 4214
4214 8680
8680 504
504 3337
3337 5256
5256 5760
5760 659
659 3361
3361 7834
7834 1895
1895 1548
1548 2305
2305 2666
2666 4967
4967 3664
3664 1781
1781 7317
7317 8464
8464 2198
2198 7595
7595 6955
6955 8046
8046 8527
8527 8786
8786 4894
4894 6447
6447 7851
7851 5696
5696 1110
1110 5717
5717 1383
1383 7618
7618 3447
3447 105
105 2523
2523 7916
7916 9019
9019 8864
8864 8780
8780 1496
1496 7847
7847 7048
7048 6153
6153 7740
7740 5576
5576 6166
6166 2748
2748 9272
9272 8047
8047 136
136 3255
3255 1881
1881 5586
5586 4441
4441 4335
4335 2265
2265 3017
3017 7057
7057 6278
6278 5922
5922 6869
6869 4102
4102 1864
1864 4131
4131 9359
9359 5156
5156 1969
1969 9440
9440 2443
2443 99
99 5257
5257 243
243 8899
8899 2426
2426 19
19 2831
2831 564
564 2888
2888 8201
8201 906
906 6584
6584 1563
1563 4050
4050 6087
6087 4688
4688 4661
4661 2210
2210 3304
3304 4072
4072 5295
5295 6295
6295 1237
1237 4958
4958 909
909 8182
8182 6591
6591 7749
7749 6835
6835 1059
1059 5999
5999 5763
5763 9001
9001 4254
4254 3169
3169 5566
5566 1065
1065 5265
5265 3075
3075 2289
2289 1297
1297 4247
4247 1951
1951 3073
3073 6231
6231 1113
1113 4003
4003 2764
2764 3192
3192 2967
2967 1112
1112 4880
4880 5595
5595 4548
4548 6251
6251 2272
2272 8283
8283 6294
6294 5600
5600 7236
7236 6291
6291 5951
5951 4257
4257 5820
5820 8483
8483 1552
1552 3945
3945 1833
1833 8092
8092 4359
4359 1774
1774 4712
4712 1620
1620 2974
2974 5859
5859 1716
1716 8644
8644 5073
5073 8153
8153 9546
9546 6127
6127 1009
1009 7569
7569 9147
9147 9292
9292 7977
7977 1469
1469 577
577 8538
8538 8837
8837 5879
5879 7631
7631 1030
1030 8515
8515 1265
1265 6210
6210 5313
5313 8177
8177 1066
1066 3488
3488 8841
8841 1631
1631 4853
4853 1947
1947 1599
1599 9081
9081 3585
3585 585
585 8054
8054 6778
6778 3965
3965 2528
2528 3418
3418 1572
1572 6796
6796 6729
6729 8337
8337 857
857 8335
8335 3808
3808 1664
1664 1051
1051 1756
1756 8406
8406 1368
1368 4846
4846 7862
7862 3357
3357 3138
3138 9346
9346 4861
4861 5960
5960 3833
3833 1941
1941 8787
8787 3099
3099 4299
4299 6037
6037 147
147 7453
7453 652
652 7776
7776 7961
7961 7954
7954 2445
2445 901
901 7662
7662 4035
4035 1743
1743 4889
4889 6801
6801 5831
5831 2760
2760 658
658 706
706 992
992 6246
6246 8585
8585 6256
6256 6940
6940 5797
5797 4085
4085 2284
2284 8219
8219 7537
7537 379
379 487
487 3615
3615 6069
6069 3249
3249 1565
1565 9254
9254 1925
1925 9430
9430 8940
8940 2261
2261 354
354 3186
3186 4261
4261 4888
4888 5002
5002 9471
9471 2551
2551 9036
9036 7926
7926 2548
2548 1007
1007 1274
1274 1621
1621 650
650 3508
3508 6130
6130 6454
6454 8953
8953 814
814 2362
2362 3960
3960 6867
6867 8871
8871 3339
3339 775
775 8202
8202 9515
9515 9088
9088 5155
5155 7153
7153 2934
2934 4493
4493 5766
5766 6122
6122 4329
4329 7810
7810 4549
4549 5406
5406 9285
9285 8457
8457 818
818 5963
5963 7284
7284 2249
2249 9245
9245 1250
1250 1998
1998 9083
9083 3971
3971 5511
5511 5281
5281 8373
8373 8734
8734 3071
3071 2173
2173 5984
5984 5459
5459 5864
5864 3026
3026 7327
7327 6478
6478 1430
1430 6843
6843 6581
6581 9005
9005 7960
7960 3612
3612 7337
7337 916
916 7483
7483 2803
2803 6236
6236 1037
1037 9016
9016 3967
3967 8858
8858 4132
4132 6161
6161 1699
1699 2977
2977 5798
5798 8637
8637 7616
7616 3504
3504 1725
1725 7936
7936 8973
8973 840
840 2133
2133 9198
9198 4499
4499 4171
4171 2834
2834 4482
4482 4195
4195 641
641 6369
6369 3818
3818 5801
5801 4607
4607 3777
3777 8878
8878 3520
3520 327
327 6477
6477 1920
1920 390
390 7092
7092 5176
5176 1405
1405 7339
7339 6289
6289 1964
1964 6452
6452 6168
6168 5036
5036 5645
5645 2380
2380 4377
4377 1203
1203 1645
1645 8536
8536 2288
2288 277
277 7893
7893 3979
3979 6318
6318 8478
8478 2855
2855 8463
8463 6629
6629 1400
1400 65
65 2823
2823 1116
1116 8263
8263 8068
8068 2350
2350 6218
6218 211
211 3233
3233 7700
7700 3697
3697 4442
4442 5932
5932 3912
3912 4298
4298 2541
2541 503
503 7563
7563 3427
3427 5944
5944 64
64 498
498 5353
5353 3363
3363 757
757 5906
5906 596
596 5863
5863 3780
3780 1891
1891 7152
7152 7517
7517 3286
3286 6903
6903 1191
1191 2136
2136 7299
7299 22
22 3159
3159 7205
7205 7377
7377 4510
4510 6622
6622 8670
8670 3661
3661 5802
5802 8233
8233 7902
7902 9278
9278 5439
5439 5915
5915 2185
2185 2811
2811 3296
3296 5181
5181 9476
9476 7933
7933 5063
5063 4608
4608 121
121 493
493 832
832 4874
4874 7324
7324 5908
5908 631
631 587
587 8383
8383 1429
1429 1773
1773 8867
8867 7449
7449 6765
6765 7607
7607 7178
7178 7387
7387 7185
7185 2394
2394 8609
8609 4497
4497 1660
1660 3927
3927 3932
3932 1008
1008 292
292 4771
4771 5731
5731 9333
9333 6857
6857 8374
8374 4094
4094 5657
5657 222
222 819
819 414
414 8314
8314 1195
1195 6481
6481 8008
8008 1540
1540 7098
7098 6093
6093 2755
2755 8299
8299 1068
1068 6367
6367 762
762 4760
4760 7314
7314 6105
6105 6449
6449 7906
7906 6007
6007 5605
5605 2124
2124 601
601 7259
7259 5455
5455 8715
8715 3687
3687 1508
1508 355
355 3848
3848 1039
1039 2594
2594 6297
6297 3946
3946 3142
3142 5472
5472 4843
4843 5070
5070 6705
6705 6600
6600 8580
8580 5458
5458 5880
5880 7274
7274 2287
2287 5101
5101 5222
5222 3984
3984 2807
2807 4674
4674 9564
9564 5822
5822 2080
2080 8789
8789 5164
5164 3879
3879 455
455 2511
2511 9425
9425 7702
7702 8967
8967 1618
1618 3312
3312 830
830 7302
7302 5904
5904 1213
1213 9146
9146 1253
1253 5567
5567 3552
3552 7972
7972 2773
2773 5410
5410 7222
7222 3999
3999 6976
6976 7881
7881 3662
3662 2334
2334 2832
2832 8086
8086 8297
8297 2044
2044 5378
5378 1816
1816 2972
2972 4660
4660 6456
6456 486
486 8096
8096 3825
3825 4922
4922 5985
5985 1057
1057 1801
1801 6691
6691 662
662 3229
3229 5514
5514 8623
8623 6745
6745 9122
9122 4796
4796 2802
2802 3857
3857 2869
2869 8975
8975 1412
1412 1178
1178 226
226 103
103 8963
8963 4932
4932 1914
1914 7051
7051 8127
8127 6848
6848 3989
3989 9109
9109 3329
3329 3224
3224 8349
8349 3235
3235 7121
7121 2192
2192 2114
2114 8446
8446 2870
2870 856
856 6279
6279 7764
7764 7785
7785 9205
9205 1636
1636 2057
2057 5604
5604 786
786 1879
1879 6676
6676 303
303 3250
3250 8391
8391 9327
9327 2295
2295 9060
9060 3944
3944 7047
7047 2132
2132 3408
3408 891
891 6834
6834 6350
6350 6254
6254 2207
2207 6986
6986 2483
2483 723
723 6224
6224 1131
1131 8842
8842 1189
1189 5949
5949 7880
7880 715
715 1011
1011 6383
6383 3080
3080 2950
2950 6709
6709 4476
4476 9155
9155 4031
4031 3311
3311 6042
6042 7946
7946 5834
5834 2505
2505 2096
2096 9137
9137 9163
9163 1844
1844 837
837 4283
4283 6010
6010 2979
2979 7573
7573 6043
6043 8822
8822 2951
2951 6763
6763 2215
2215 4837
4837 6679
6679 3534
3534 2806
2806 7568
7568 6832
6832 5270
5270 2965
2965 6252
6252 6672
6672 2256
2256 4595
4595 4865
4865 3964
3964 7941
7941 671
671 2937
2937 1332
1332 2345
2345 4637
4637 5325
5325 8549
8549 4026
4026 16
16 2165
2165 7218
7218 5681
5681 8582
8582 2941
2941 1746
1746 8290
8290 7363
7363 7951
7951 3700
3700 8648
8648 9220
9220 9522
9522 4954
4954 5407
5407 8210
8210 2086
2086 3404
3404 788
788 413
413 2307
2307 4529
4529 9337
9337 1384
1384 7144
7144 693
693 8026
8026 8166
8166 8392
8392 7202
7202 3194
3194 9478
9478 7116
7116 7300
7300 7734
7734 7149
7149 160
160 5505
5505 5435
5435 4672
4672 2743
2743 9174
9174 7835
7835 2077
2077 6464
6464 170
170 9542
9542 7080
7080 7878
7878 8586
8586 2200
2200 5395
5395 4252
4252 5686
5686 6588
6588 2636
2636 2938
2938 2522
2522 3760
3760 6642
6642 2845
2845 4445
4445 6923
6923 5089
5089 8284
8284 2462
2462 71
71 5614
5614 3163
3163 1904
1904 9400
9400 8685
8685 6878
6878 2447
2447 6527
6527 1048
1048 8972
8972 4542
4542 5611
5611 2696
2696 9015
9015 544
544 4234
4234 8218
8218 9046
9046 4738
4738 2358
2358 5474
5474 4076
4076 8678
8678 3151
3151 6050
6050 2216
2216 1276
1276 4030
4030 4516
4516 4327
4327 5935
5935 3109
3109 8577
8577 6981
6981 7000
7000 4761
4761 2894
2894 6317
6317 4642
4642 5736
5736 1257
1257 3205
3205 7207
7207 1075
1075 396
396 4543
4543 540
540 968
968 1055
1055 36
36 9474
9474 4773
4773 8184
8184 81
81 1918
1918 5290
5290 5795
5795 7334
7334 5031
5031 7055
7055 2535
2535 5994
5994 1317
1317 3957
3957 2252
2252 495
495 7082
7082 1502
1502 4454
4454 4417
4417 1159
1159 9377
9377 6035
6035 1279
1279 7718
7718 2316
2316 4059
4059 3683
3683 1045
1045 3211
3211 5018
5018 400
400 2251
2251 3400
3400 7715
7715 7264
7264 9039
9039 3253
3253 6436
6436 749
749 8078
8078 7613
7613 7574
7574 5445
5445 2170
2170 2234
2234 4140
4140 53
53 667
667 956
956 2428
2428 3382
3382 5034
5034 5134
5134 6888
6888 5405
5405 2651
2651 7455
7455 6994
6994 3784
3784 5580
5580 9403
9403 887
887 3620
3620 84
84 8484
8484 7126
7126 827
827 5429
5429 8702
8702 7511
7511 7012
7012 4741
4741 6117
6117 1658
1658 3761
3761 7865
7865 7856
7856 3349
3349 3544
3544 207
207 769
769 876
876 6650
6650 3051
3051 3569
3569 7928
7928 7955
7955 8619
8619 232
232 7828
7828 4769
4769 7506
7506 9124
9124 4255
4255 2352
2352 2521
2521 8270
8270 257
257 2680
2680 7446
7446 1569
1569 565
565 8882
8882 692
692 382
382 1425
1425 6138
6138 8773
8773 9488
9488 5829
5829 9064
9064 8748
8748 1576
1576 3926
3926 2629
2629 3068
3068 3672
3672 9237
9237 2613
2613 7011
7011 281
281 7536
7536 8761
8761 7340
7340 9066
9066 424
424 3631
3631 5415
5415 2925
2925 8929
8929 4574
4574 5603
5603 3563
3563 9498
9498 8931
8931 5214
5214 5823
5823 8351
8351 6277
6277 6444
6444 9006
9006 8759
8759 9052
9052 7420
7420 7590
7590 6814
6814 1484
1484 1273
1273 4974
4974 8273
8273 4004
4004 3184
3184 3681
3681 8294
8294 5309
5309 6910
6910 427
427 8926
8926 6188
6188 9318
9318 936
936 4021
4021 2829
2829 3168
3168 3696
3696 3646
3646 2283
2283 7194
7194 6684
6684 1187
1187 1336
1336 7661
7661 9420
9420 1219
1219 4979
4979 8980
8980 1828
1828 5340
5340 6544
6544 5139
5139 4161
4161 8665
8665 5817
5817 8221
8221 1532
1532 8933
8933 5894
5894 4137
4137 7585
7585 9095
9095 1591
1591 5878
5878 8667
8667 3149
3149 7173
7173 5399
5399 6964
6964 7993
7993 7812
7812 3874
3874 6880
6880 8451
8451 1338
1338 6375
6375 6179
6179 6202
6202 23
23 1681
1681 7196
7196 8091
8091 5443
5443 6963
6963 4945
4945 4323
4323 3127
3127 3650
3650 7255
7255 7497
7497 3403
3403 5526
5526 7002
7002 7199
7199 9263
9263 9125
9125 8108
8108 122
122 1463
1463 732
732 1783
1783 2716
2716 6794
6794 776
776 8733
8733 5596
5596 1373
1373 3295
3295 5704
5704 5051
5051 3873
3873 2168
2168 7995
7995 7174
7174 253
253 1546
1546 1409
1409 7944
7944 4466
4466 3871
3871 4213
4213 8983
8983 7811
7811 5968
5968 1600
1600 7193
7193 4501
4501 4560
4560 3918
3918 3293
3293 5690
5690 5011
5011 1629
1629 4374
4374 6767
6767 7328
7328 3507
3507 2290
2290 9261
9261 6056
6056 8362
8362 5837
5837 8089
8089 3691
3691 683
683 5127
5127 1559
1559 889
889 3406
3406 3124
3124 791
791 7359
7359 2611
2611 299
299 619
619 2790
2790 7604
7604 6656
6656 9224
9224 5954
5954 4605
4605 8958
8958 4963
4963 4097
4097 2913
2913 4145
4145 6697
6697 5928
5928 3114
3114 3244
3244 8085
8085 1798
1798 1655
1655 948
948 9255
9255 7501
7501 5991
5991 6178
6178 4895
4895 9265
9265 1167
1167 1608
1608 2731
2731 1333
1333 1929
1929 8923
8923 8846
8846 920
920 4911
4911 9360
9360 1280
1280 6935
6935 5623
5623 1924
1924 6216
6216 9407
9407 849
849 2589
2589 6205
6205 8647
8647 6394
6394 9028
9028 7704
7704 3147
3147 1647
1647 4325
4325 4683
4683 6227
6227 2237
2237 5809
5809 6089
6089 6276
6276 8876
8876 4193
4193 7778
7778 249
249 5310
5310 7398
7398 3798
3798 2161
2161 7914
7914 4960
4960 1365
1365 6486
6486 3037
3037 9432
9432 7942
7942 5059
5059 1040
1040 381
381 2526
2526 8553
8553 6772
6772 6731
6731 7053
7053 610
610 2001
2001 9484
9484 1309
1309 2538
2538 8277
8277 6740
6740 6960
6960 3921
3921 1356
1356 2942
2942 5174
5174 1896
1896 4381
4381 1222
1222 7094
7094 1467
1467 9417
9417 9419
9419 3441
3441 7362
7362 4308
4308 7402
7402 5251
5251 5448
5448 1242
1242 6440
6440 1701
1701 6171
6171 4820
4820 4848
4848 2089
2089 4321
4321 6810
6810 2717
2717 2931
2931 5116
5116 4199
4199 5238
5238 5357
5357 1129
1129 6164
6164 144
144 4617
4617 8721
8721 1313
1313 1060
1060 5845
5845 7422
7422 8735
8735 8908
8908 7531
7531 275
275 3190
3190 2787
2787 3036
3036 8981
8981 9306
9306 910
910 6306
6306 7920
7920 6144
6144 4326
4326 5424
5424 8028
8028 6489
6489 599
599 5923
5923 8916
8916 7189
7189 5388
5388 2000
2000 2306
2306 9352
9352 3411
3411 6559
6559 7657
7657 3475
3475 8420
8420 7417
7417 3066
3066 1541
1541 1875
1875 6312
6312 7020
7020 3309
3309 4093
4093 6702
6702 5045
5045 3498
3498 6847
6847 878
878 1870
1870 7686
7686 445
445 7807
7807 7167
7167 3223
3223 5597
5597 5693
5693 3811
3811 6322
6322 7482
7482 7969
7969 1845
1845 5042
5042 8930
8930 5240
5240 8011
8011 5599
5599 2379
2379 3375
3375 3741
3741 6961
6961 2623
2623 8830
8830 8357
8357 5383
5383 4316
4316 3831
3831 5531
5531 6025
6025 5484
5484 6628
6628 30
30 3862
3862 97
97 2127
2127 8503
8503 3677
3677 3396
3396 7127
7127 4444
4444 8919
8919 1593
1593 644
644 584
584 7713
7713 793
793 9045
9045 8244
8244 8253
8253 7580
7580 4406
4406 2837
2837 7882
7882 3021
3021 4
4 7266
7266 2841
2841 5570
5570 3018
3018 1441
1441 4471
4471 7456
7456 2789
2789 5346
5346 4969
4969 2520
2520 629
629 6059
6059 9080
9080 7561
7561 8163
8163 6525
6525 7566
7566 7156
7156 9233
9233 6288
6288 9509
9509 7950
7950 9460
9460 4567
4567 342
342 9264
9264 2879
2879 4822
4822 4581
4581 3881
3881 2312
2312 2073
2073 1598
1598 7803
7803 541
541 1324
1324 2403
2403 192
192 9330
9330 1335
1335 8660
8660 2154
2154 4402
4402 1092
1092 7932
7932 4129
4129 2370
2370 6198
6198 9462
9462 7350
7350 6782
6782 6024
6024 6516
6516 4739
4739 2030
2030 8370
8370 9129
9129 1687
1687 4455
4455 6239
6239 7301
7301 2857
2857 9373
9373 725
725 1641
1641 1518
1518 7213
7213 8943
8943 433
433 756
756 3118
3118 1894
1894 7671
7671 7346
7346 7790
7790 4956
4956 8354
8354 4413
4413 4432
4432 4838
4838 5961
5961 7782
7782 7067
7067 1830
1830 2998
2998 7303
7303 622
622 263
263 3922
3922 6783
6783 7361
7361 8568
8568 760
760 2690
2690 8814
8814 1889
1889 2128
2128 7331
7331 3876
3876 8920
8920 7171
7171 4319
4319 7627
7627 7323
7323 4976
4976 1739
1739 1036
1036 4572
4572 7829
7829 4144
4144 4194
4194 7758
7758 7158
7158 7762
7762 2565
2565 3320
3320 5882
5882 4243
4243 8616
8616 5749
5749 102
102 5658
5658 8450
8450 2163
2163 8862
8862 4856
4856 2978
2978 4186
4186 3521
3521 3574
3574 5607
5607 8132
8132 1375
1375 7336
7336 1084
1084 6387
6387 3489
3489 157
157 8070
8070 6247
6247 7494
7494 4709
4709 2346
2346 4192
4192 4772
4772 8921
8921 8865
8865 190
190 5716
5716 796
796 7076
7076 1465
1465 3516
3516 5781
5781 6483
6483 2814
2814 1843
1843 8185
8185 7737
7737 395
395 2884
2884 5948
5948 6564
6564 1016
1016 7766
7766 1414
1414 2405
2405 4228
4228 115
115 2550
2550 6426
6426 8825
8825 3572
3572 9262
9262 7246
7246 3689
3689 5548
5548 654
654 1424
1424 9110
9110 2766
2766 7099
7099 5754
5754 9487
9487 1639
1639 2586
2586 4394
4394 5900
5900 5322
5322 9283
9283 3401
3401 1931
1931 2059
2059 967
967 2319
2319 6727
6727 2564
2564 2984
2984 85
85 8824
8824 4175
4175 9344
9344 3839
3839 7022
7022 1823
1823 1682
1682 4575
4575 8893
8893 5563
5563 9173
9173 1504
1504 2253
2253 4647
4647 4746
4746 2529
2529 7431
7431 2364
2364 7652
7652 4235
4235 5187
5187 3041
3041 8176
8176 6189
6189 2689
2689 8918
8918 2943
2943 1927
1927 2258
2258 6240
6240 5669
5669 3889
3889 9394
9394 8137
8137 7491
7491 5331
5331 2630
2630 8954
8954 1751
1751 6657
6657 3555
3555 7036
7036 1058
1058 120
120 2695
2695 6593
6593 1437
1437 4695
4695 6719
6719 2614
2614 5756
5756 1471
1471 7175
7175 3887
3887 5742
5742 7001
7001 3788
3788 2908
2908 5418
5418 5813
5813 1705
1705 9494
9494 5147
5147 2583
2583 5201
5201 5518
5518 2241
2241 1261
1261 6479
6479 9398
9398 4602
4602 2765
2765 2149
2149 953
953 6258
6258 4990
4990 5426
5426 2604
2604 1143
1143 2756
2756 9519
9519 218
218 7225
7225 6931
6931 409
409 8541
8541 1782
1782 3987
3987 32
32 7105
7105 4844
4844 5247
5247 5392
5392 5752
5752 3042
3042 4926
4926 5194
5194 6249
6249 5843
5843 6580
6580 2107
2107 5821
5821 1442
1442 6624
6624 4025
4025 4124
4124 3494
3494 5158
5158 8368
8368 6009
6009 5249
5249 5930
5930 9339
9339 6830
6830 550
550 9084
9084 5006
5006 9508
9508 9322
9322 223
223 5267
5267 3033
3033 1952
1952 921
921 3875
3875 295
295 8226
8226 8812
8812 3234
3234 5651
5651 1706
1706 1342
1342 6349
6349 8051
8051 6004
6004 3492
3492 1259
1259 6786
6786 3505
3505 4206
4206 3776
3776 407
407 1001
1001 2448
2448 9354
9354 2508
2508 2549
2549 1696
1696 6609
6609 5197
5197 4871
4871 3392
3392 1041
1041 2337
2337 5500
5500 4641
4641 5846
5846 2372
2372 4024
4024 5706
5706 5678
5678 7723
7723 698
698 3750
3750 1795
1795 357
357 660
660 9115
9115 6713
6713 931
931 4375
4375 9017
9017 7867
7867 2484
2484 7796
7796 3123
3123 4527
4527 6781
6781 2024
2024 1601
1601 3627
3627 1826
1826 5179
5179 3943
3943 8458
8458 2752
2752 900
900 3910
3910 9535
9535 4887
4887 5727
5727 82
82 6663
6663 3227
3227 6614
6614 2944
2944 6098
6098 4682
4682 5324
5324 8498
8498 6726
6726 2050
2050 1266
1266 1294
1294 4781
4781 8969
8969 3282
3282 1954
1954 2111
2111 3430
3430 7134
7134 4070
4070 7868
7868 7543
7543 7775
7775 8884
8884 8360
8360 3076
3076 6762
6762 4245
4245 4921
4921 3725
3725 914
914 1683
1683 7504
7504 6331
6331 4507
4507 3310
3310 4764
4764 4862
4862 6165
6165 6110
6110 5157
5157 3606
3606 2805
2805 6131
6131 6902
6902 6693
6693 1410
1410 5438
5438 1922
1922 5283
5283 4755
4755 3510
3510 6018
6018 146
146 2544
2544 7109
7109 1555
1555 166
166 1300
1300 4033
4033 1634
1634 7288
7288 5713
5713 1771
1771 7628
7628 2830
2830 4544
4544 2206
2206 4490
4490 7085
7085 6737
6737 5465
5465 4429
4429 3315
3315 4484
4484 3056
3056 5721
5721 8937
8937 5972
5972 571
571 5343
5343 8993
8993 4718
4718 3823
3823 4201
4201 6137
6137 7248
7248 6319
6319 4699
4699 2693
2693 4530
4530 225
225 7930
7930 7064
7064 6005
6005 6537
6537 8209
8209 4619
4619 468
468 6536
6536 1804
1804 8443
8443 8003
8003 4351
4351 4018
4018 8400
8400 1911
1911 1209
1209 2562
2562 505
505 4123
4123 7859
7859 6770
6770 3276
3276 2915
2915 773
773 3930
3930 8181
8181 4779
4779 6092
6092 5204
5204 6682
6682 7816
7816 8542
8542 9408
9408 3495
3495 7861
7861 124
124 5334
5334 7009
7009 5741
5741 8744
8744 3206
3206 4615
4615 4387
4387 439
439 3523
3523 3222
3222 7655
7655 6201
6201 1711
1711 8729
8729 2791
2791 4731
4731 6095
6095 6700
6700 9228
9228 6032
6032 7326
7326 4639
4639 1378
1378 2304
2304 6409
6409 6901
6901 3829
3829 5748
5748 3048
3048 6406
6406 5959
5959 174
174 2112
2112 8407
8407 4558
4558 4309
4309 7479
7479 6760
6760 7822
7822 1295
1295 5492
5492 1707
1707 1326
1326 8852
8852 7464
7464 1156
1156 2649
2649 7836
7836 2509
2509 3526
3526 4870
4870 3895
3895 9414
9414 5918
5918 5513
5513 125
125 8365
8365 1046
1046 858
858 6937
6937 4400
4400 2961
2961 8745
8745 385
385 6862
6862 2997
2997 5911
5911 8959
8959 1499
1499 9207
9207 1877
1877 7463
7463 6045
6045 5449
5449 3812
3812 3745
3745 996
996 1345
1345 3167
3167 9331
9331 8220
8220 6712
6712 5450
5450 5282
5282 5010
5010 8917
8917 8562
8562 8632
8632 9397
9397 2422
2422 3856
3856 1091
1091 1758
1758 1114
1114 6448
6448 5323
5323 4431
4431 9539
9539 6177
6177 3982
3982 642
642 4840
4840 4715
4715 4020
4020 3415
3415 9243
9243 2471
2471 7772
7772 6460
6460 4315
4315 9200
9200 61
61 7887
7887 5131
5131 4469
4469 5663
5663 276
276 6147
6147 9553
9553 4313
4313 7130
7130 7735
7735 2014
2014 7989
7989 1023
1023 2859
2859 343
343 7169
7169 6109
6109 9504
9504 4692
4692 7935
7935 552
552 3899
3899 4107
4107 7496
7496 7958
7958 2740
2740 5379
5379 9562
9562 1583
1583 6427
6427 7589
7589 289
289 4565
4565 6662
6662 2820
2820 7267
7267 8765
8765 3352
3352 2104
2104 4198
4198 5925
5925 3086
3086 5117
5117 2606
2606 6538
6538 502
502 7739
7739 8697
8697 6841
6841 7281
7281 5883
5883 5892
5892 2331
2331 1960
1960 6450
6450 4547
4547 1494
1494 1717
1717 6034
6034 3703
3703 7839
7839 4154
4154 13
13 3203
3203 9018
9018 1589
1589 6686
6686 1957
1957 969
969 2876
2876 3243
3243 2679
2679 24
24 3667
3667 5338
5338 3303
3303 3175
3175 907
907 8111
8111 8855
8855 4005
4005 77
77 7678
7678 3758
3758 2918
2918 3449
3449 8016
8016 1973
1973 5080
5080 3721
3721 950
950 4165
4165 5447
5447 515
515 250
250 8554
8554 3860
3860 6083
6083 5047
5047 4798
4798 8266
8266 194
194 8725
8725 8739
8739 6643
6643 21
21 4436
4436 3608
3608 6217
6217 7680
7680 5772
5772 4266
4266 4182
4182 4416
4416 3991
3991 3657
3657 5469
5469 7135
7135 4634
4634 2742
2742 6031
6031 5364
5364 2574
2574 521
521 2294
2294 3486
3486 8315
8315 7286
7286 4920
4920 4946
4946 736
736 8710
8710 8095
8095 7682
7682 330
330 3730
3730 2827
2827 7421
7421 2981
2981 755
755 7318
7318 6925
6925 2005
2005 959
959 954
954 8874
8874 1662
1662 8902
8902 7786
7786 5939
5939 8002
8002 7555
7555 4993
4993 7903
7903 9301
9301 4584
4584 747
747 6969
6969 3529
3529 8204
8204 7918
7918 3827
3827 3837
3837 8949
8949 7876
7876 4282
4282 4646
4646 3747
3747 3645
3645 5942
5942 5336
5336 2208
2208 9379
9379 6784
6784 6244
6244 3806
3806 3178
3178 9538
9538 826
826 4614
4614 1596
1596 6666
6666 3866
3866 8624
8624 5109
5109 8514
8514 6501
6501 7123
7123 5946
5946 6839
6839 8915
8915 2166
2166 8189
8189 4202
4202 2329
2329 449
449 5046
5046 4167
4167 3846
3846 2578
2578 9232
9232 7068
7068 7164
7164 4942
4942 3050
3050 3775
3775 6541
6541 8319
8319 5584
5584 8581
8581 1847
1847 6793
6793 6163
6163 6364
6364 2975
2975 6717
6717 2669
2669 9457
9457 7917
7917 4078
4078 3262
3262 2062
2062 929
929 538
538 8750
8750 4656
4656 6895
6895 7448
7448 2291
2291 328
328 2816
2816 6435
6435 6351
6351 3096
3096 5366
5366 6186
6186 869
869 1718
1718 744
744 766
766 8172
8172 2011
2011 6487
6487 3638
3638 6752
6752 4872
4872 7071
7071 9291
9291 708
708 8986
8986 6846
6846 3581
3581 1472
1472 1067
1067 8866
8866 3790
3790 8910
8910 6532
6532 6140
6140 8088
8088 2359
2359 7351
7351 9410
9410 6134
6134 2554
2554 7943
7943 5776
5776 3265
3265 140
140 983
983 3214
3214 8208
8208 5301
5301 9325
9325 193
193 4573
4573 4170
4170 5382
5382 8211
8211 578
578 2176
2176 8752
8752 9434
9434 168
168 5844
5844 6287
6287 5910
5910 570
570 6884
6884 1678
1678 7528
7528 386
386 1028
1028 5499
5499 236
236 370
370 9567
9567 1325
1325 7900
7900 1632
1632 4801
4801 1519
1519 7132
7132 6345
6345 4481
4481 9077
9077 5589
5589 7857
7857 3341
3341 5369
5369 6308
6308 7629
7629 7769
7769 6748
6748 2213
2213 238
238 9529
9529 8692
8692 7365
7365 2324
2324 527
527 3801
3801 5094
5094 5032
5032 3185
3185 8342
8342 8179
8179 8731
8731 3473
3473 1390
1390 1056
1056 2702
2702 6553
6553 8490
8490 8668
8668 3770
3770 6934
6934 8758
8758 9341
9341 8423
8423 3659
3659 7797
7797 4505
4505 6425
6425 6612
6612 7575
7575 8913
8913 1581
1581 7562
7562 230
230 3588
3588 5335
5335 5938
5938 4770
4770 7940
7940 3207
3207 1640
1640 2469
2469 4603
4603 5161
5161 2734
2734 1990
1990 6565
6565 6750
6750 7227
7227 7953
7953 7291
7291 7409
7409 5389
5389 930
930 2449
2449 7526
7526 6038
6038 9554
9554 1869
1869 4650
4650 8305
8305 4468
4468 5850
5850 4398
4398 2970
2970 1291
1291 4789
4789 9158
9158 2771
2771 9418
9418 6372
6372 1312
1312 8567
8567 8330
8330 7956
7956 425
425 5992
5992 8886
8886 5230
5230 5610
5610 8190
8190 2628
2628 3215
3215 7204
7204 9140
9140 1310
1310 9180
9180 6558
6558 6438
6438 3906
3906 7382
7382 3996
3996 8797
8797 5541
5541 9512
9512 5054
5054 7348
7348 3637
3637 3949
3949 7724
7724 1556
1556 3454
3454 1380
1380 7677
7677 6736
6736 5112
5112 3152
3152 2052
2052 2688
2688 2917
2917 2065
2065 9190
812 5290
7811 4501
5739 9297
3925 1182
4146 1530
3828 8581
4373 833
2971 8655
3878 4943
161 2934
8835 2301
4765 2100
3077 3167
77 5335
8518 2719
2948 4072
7125 3743
4904 3232
6348 5951
1371 6616
8714 2771
5120 9031
2479 2061
1255 3010
9393 3676
2874 5389
2966 8998
5451 2970
244 4856
4786 8126
4099 2512
8083 5379
1341 8940
5314 4697
5836 4341
641 6252
7564 6847
3172 9043
718 7405
8583 5433
6879 7550
2231 3912
7097 601
6360 7509
6424 6319
2807 1795
8258 5556
2966 1271
7602 7704
1720 5447
3863 9279
1517 541
150 3921
1434 9406
7875 5706
6417 9431
2156 8722
4348 5756
1938 8986
4294 5042
7902 570
8168 4919
7966 1252
924 9381
3941 6477
951 5960
7146 8794
653 7375
1934 2179
150 4888
2386 5604
3029 648
5219 9220
267 2645
2691 2911
4716 1789
7854 6147
7148 4481
3500 8594
4620 1092
7527 1881
5242 3888
3599 7076
4216 5943
5372 1168
6204 4207
1115 8536
1988 4923
7019 7560
7736 6317
2049 2484
2578 5230
4513 8899
7062 8411
1883 7492
2668 4306
7137 2109
7742 3048
3359 513
844 2975
4380 1066
9149 5928
2825 7274
1154 4636
8781 9438
6084 6960
3550 3411
5559 2096
6843 263
3030 2627
618 7933
3445 3133
5863 8963
1069 8430
4495 2686
2305 8503
2303 7174
4651 1782
352 6742
3497 4128
8796 5673
7474 6464
6603 4247
8121 3182
2561 6407
2532 5161
6044 1496
5217 729
8867 8697
643 9307
2328 1569
5411 9219
221 8540
5695 6910
3968 8814
113 3791
9156 1981
5348 380
3323 382
1161 1496
645 8485
6127 8943
2420 9261
6886 3159
3533 2896
2106 2160
5888 8846
8077 7689
7959 7882
3676 7272
3878 2026
8326 7506
7042 6340
5661 6161
7801 4956
9295 5990
8588 624
6360 554
9448 6750
933 220
3344 1437
8522 1739
8792 3591
3781 8728
3085 3423
9160 5891
298 2802
1562 4484
3571 3944
9279 9453
6993 5465
2190 5435
632 3816
4904 1142
4050 8876
3847 3339
664 2175
5377 2409
3317 3837
7095 2602
1884 1907
1948 5400
5496 1196
7367 5263
579 5037
4407 2432
5296 2419
6777 2225
6835 2080
3900 4760
9242 8536
1691 5390
5397 494
5855 3548
5703 2882
173 7450
5254 9283
358 907
7443 1743
3058 8027
6403 5353
8777 314
1101 544
2474 1115
8817 9040
3803 3293
7621 1676
6569 6413
5078 6717
1745 8890
8014 6221
5681 1847
8180 5116
6802 1329
1526 7144
7994 63
1277 2580
5082 4409
6661 9548
1841 4233
68 8863
2924 1314
6652 1922
5988 2695
3064 3406
7254 3021
8118 4804
5248 1328
5259 8615
2252 2324
6673 4575
4012 930
988 6094
2480 4050
1329 5104
2434 8039
5578 359
7410 5082
8231 1131
9156 1280
2993 6847
4780 9378
6326 1412
4676 4356
3527 1980
1070 6330
9133 8011
6248 7306
1403 3647
3858 3818
7049 1878
982 7673
2205 9419
8809 596
865 8099
1455 905
7185 9397
3054 2401
1190 946
3261 4419
2925 8855
8160 6222
8232 4820
8100 5948
5842 4169
2872 1469
3621 4871
5793 6196
8673 3509
9038 3734
5367 5677
6514 2242
3423 5499
8819 4540
6415 7067
3947 3935
1377 2978
9106 6847
7916 8919
1128 9292
9147 3068
1851 4974
523 826
1703 461
1619 3477
6660 8142
1019 7960
5422 1129
7445 4862
287 708
1335 7064
8831 5834
4793 1502
586 4199
1903 5639
6723 4699
3043 5109
3932 6004
2349 1694
4168 4581
7600 3703
8634 3790
6791 571
476 6176
4095 2934
6061 8983
4317 8835
6883 6540
8379 6515
5015 3414
2675 5848
9356 5048
79 5968
2219 7338
7931 7057
5221 2616
7373 7979
4760 5605
2982 392
2071 2795
6419 7133
5273 5056
9361 8259
7692 6672
5280 6481
5602 140
9345 8644
6410 9432
8645 8859
6463 9437
6273 5413
4977 303
6391 9437
2142 4336
598 6677
8384 1721
2130 9190
5254 1377
7183 3943
283 4230
4928 4272
1382 2319
5243 3858
7517 2312
5384 9070
5209 3540
2120 6446
8677 4146
3406 1655
40 5474
8424 8587
6408 2420
6802 5935
658 5034
9312 1193
4508 327
4178 3130
3714 3529
5049 5574
5337 1758
4397 7912
7529 8807
2668 1906
1847 5776
2785 6796
5017 1259
5354 1362
1898 4831
6571 3567
5980 7619
473 6122
2729 7650
7432 1047
666 7145
9053 3129
8302 4079
5428 7858
2781 7497
3832 1797
5451 2161
528 3895
2492 7893
2712 5845
2187 4518
1043 4047
5516 2758
2706 7758
6173 1679
3652 325
5550 8113
9321 8284
8661 2452
7321 382
3444 6038
50 2181
9412 8284
5298 7048
8557 3480
49 1193
875 5158
2725 308
456 6032
5808 9213
49 8884
1452 997
1943 6712
2711 3378
1152 3042
501 4088
9188 9049
2619 3526
1246 5374
5851 7832
6380 4962
489 8692
844 2103
5617 4057
5478 9296
1721 2141
8299 455
329 3175
1796 9311
6972 4308
2542 1375
5979 2398
8346 250
7263 9359